10000
10772
10993
11639
13060
13439
14665
15779
18082
18860
20112
21114
21234
21566
24149
24323
26876
30387
30513
31443
31984
33327
36217
36316
37353
37462
38657
39478
39631
40667
40932
41958
42452
42698
43793
43868
44350
44525
46702
47035
47737
48237
48429
50950
51172
52135
53490
53910
54750
55581
55989
58538
58619
59855
61561
61955
66279
67050
67428
68043
68836
70841
72487
73596
75532
75541
77409
77460
78034
84350
84560
85111
85514
86922
87302
87440
88327
90042
90211
91783
93695
93942
94353
95487
95890
97529
98285
103102
103412
103499
105006
105373
105934
106030
106330
106487
106719
107415
109088
110119
112069
114611
114726
114763
115064
115293
117854
118444
120564
124011
124694
125557
126631
126739
127006
128475
129558
129805
130187
130242
131147
132916
133523
136031
137069
138243
138841
138898
141554
141680
144931
145036
145466
152215
153781
153893
154355
156504
157409
158473
158528
158921
159254
159368
160156
160542
161485
166947
171164
171632
171987
173445
176563
177912
178215
178232
178962
179059
179461
180103
181650
183483
187015
191714
191729
194577
195292
198150
200233
201514
202807
203607
204575
204618
207072
207867
208344
209538
209830
210662
211528
212314
212419
215586
216538
217638
218007
219410
219705
220208
221061
221618
224434
225564
226625
227410
228560
229335
229718
230348
231622
232791
234404
236005
237034
237180
239086
240935
243444
243788
243858
244353
246786
248166
248975
249853
251155
251345
255591
257454
257724
258822
259272
260242
262063
264202
264228
264246
264292
265186
266333
267762
268006
268833
270783
271016
271128
272247
272874
272974
273655
275053
276843
278151
281330
281449
283535
283768
283910
284226
285252
287240
292074
292337
292677
292908
293739
294905
295177
296163
296394
296590
299416
300006
300931
304040
304083
304934
305167
306387
306550
306991
308495
309368
311014
312328
312717
312731
313395
314922
315078
316055
321098
321746
322330
322347
323058
323215
323219
324411
324802
325400
326476
326615
328100
328635
329564
330402
332622
332892
333983
334886
335585
337764
337799
338451
339281
340801
341745
342626
343099
343175
344655
345511
346197
346670
347023
347254
347936
348326
349123
349767
350769
351693
352745
354551
354830
355495
356226
357313
358348
359131
359709
359793
360038
360196
360221
360642
364376
364880
365876
366738
368206
373022
373460
374037
374285
375262
375997
376553
377283
377519
377651
377882
379064
379904
380901
380948
381865
383965
384020
384311
385815
386362
386932
387825
389100
389419
390032
391723
391828
392140
392922
393982
395541
396145
396789
397462
397736
398522
398640
399612
400382
400563
401138
403880
404767
405287
405875
407521
408806
410365
412201
413084
413848
414580
415329
416057
418471
418777
418795
419383
420493
422272
423402
424033
426202
429247
429736
429739
430045
430342
431182
431233
431717
432132
432894
433514
433941
434476
434573
434613
437975
438787
442181
442193
442980
443201
444583
446145
446324
446513
448191
448674
448717
449091
450030
450265
452366
452809
454712
455036
456419
457626
458583
459008
459169
460140
460823
465416
465733
465766
466212
466635
469107
469314
474921
475769
477408
477596
477676
478481
479198
479701
480939
484755
485615
486497
487082
490110
491178
493028
493503
494583
495051
496895
498393
498701
500626
500772
501408
502809
503663
504743
506782
509115
509563
510741
510850
512801
514208
514471
514788
515573
516775
517662
519655
521129
521262
523402
524831
529377
529396
529479
530490
530992
532943
533450
533669
533711
534010
534058
535560
536159
536752
536816
538742
539430
539488
540514
541039
541503
542128
543255
543942
544040
545515
546405
547728
550121
551108
551258
551321
553580
554709
554848
555077
555096
555498
555657
557228
557274
557749
558253
559541
560308
561045
561472
561542
561567
565208
566006
567101
567213
568094
568688
570527
570629
572410
572617
572825
573162
573440
575072
575761
578813
579945
580704
582578
582886
584484
588430
588626
589511
589536
591674
591873
592295
592411
593114
593604
593827
595902
596510
597730
598663
598781
598979
599171
599513
599943
601342
603211
604121
605711
606779
609448
609789
609827
610123
611198
611428
611810
611967
612421
613380
613553
614683
616873
618065
618324
618514
619228
619692
623708
623959
624364
624649
625593
628184
628205
628805
629877
630178
633066
633340
633958
634633
634906
634986
636143
636301
638308
639847
639867
643121
643366
644411
644551
644764
646617
648120
648212
649829
650344
650805
651482
654239
654457
655210
655668
658241
658620
659287
659854
661071
661299
664309
664867
665006
665188
665279
669190
669687
672615
672817
673630
674251
674976
675170
675721
675950
676144
677870
679624
680855
680890
680999
682250
683899
684090
685485
685557
685880
687459
689591
691913
692265
692731
693445
695571
696162
698072
698077
698311
699040
700525
702260
703998
704335
705035
705914
707645
708515
708913
709884
711203
712028
712042
712420
713590
713590
713632
714186
717113
718627
719435
719932
722615
723425
724452
724466
724511
724722
724862
727060
727729
727850
728214
728969
729021
729518
730443
731163
731941
733424
734436
736529
737577
737622
740360
741086
743854
745161
745242
746083
746568
748957
749861
752689
753911
755267
755790
756090
756570
757314
757647
757902
759619
760197
760797
761592
761938
761965
762888
764945
767060
769661
771185
771537
771968
772304
772703
773026
774897
776049
776210
778956
779084
779864
780656
781322
781530
781551
781560
781763
783996
785538
785611
787125
787182
787697
788648
789405
790148
792347
792891
793714
794035
795288
796878
798341
800017
800290
801065
801434
801640
802660
802741
803400
806953
807432
807631
808230
809616
811399
811464
812270
812424
813995
816529
816734
818177
820028
820555
820583
821469
821668
821737
822027
822058
822496
822532
823513
823730
824960
825699
826424
826766
827571
828612
829034
829259
829414
830266
831769
832331
833457
834059
834404
835538
836249
847542
847898
848316
848332
848953
850217
850660
851151
851879
851887
852803
854724
855475
857244
857365
858156
858857
861023
862077
862777
863633
864090
865082
865151
865902
866412
868120
868189
869673
871158
872065
872523
872664
874054
874855
875609
876081
877843
877948
878747
879352
880289
880823
880957
881259
882458
883715
883788
884404
886377
887005
887855
889954
890576
891188
891754
893185
894318
895299
895773
897327
898781
902098
902951
904562
905671
905998
906404
907343
909201
909294
909616
911636
911998
913846
914711
915776
916363
917132
917331
917859
917978
918389
918884
919600
920164
920618
921742
922866
924918
927446
927607
927736
928549
929789
929930
930445
934490
934607
935623
935982
937048
937105
939479
940837
942379
942443
945376
946397
947545
948403
949566
949982
950259
950479
953255
955638
955787
956914
957826
957854
958128
958678
960086
960844
961099
961113
961128
961374
961636
962000
962820
963674
964032
964101
964848
965246
965626
965928
966256
966448
967786
968399
970100
970128
970963
971825
971893
972512
972642
974899
975008
975747
976894
977143
977552
977607
978243
979081
979636
979705
980334
980861
983630
984376
984812
985839
987663
990248
991393
991475
991718
992092
992689
995220
997662
998784
998943
999091
999769
1001459
1001492
1002436
1003749
1004877
1004940
1005294
1006882
1007102
1008282
1009781
1010597
1012185
1012711
1015601
1015782
1016392
1017573
1018804
1019120
1020144
1020576
1020586
1022721
1022800
1023440
1024284
1025056
1026037
1027632
1031395
1031527
1031855
1031874
1032506
1032749
1033531
1034179
1035288
1035300
1035745
1037672
1041993
1042262
1042933
1043545
1045073
1047735
1049012
1050394
1052041
1052143
1052441
1053751
1053918
1055340
1056273
1056644
1059573
1059856
1060453
1060827
1061220
1061360
1062577
1062733
1065157
1068736
1070892
1071116
1073462
1073953
1073988
1074524
1075320
1076242
1078803
1080291
1081478
1081488
1083298
1086150
1087040
1088620
1088982
1089557
1090009
1090411
1091536
1092152
1092404
1092482
1093590
1093834
1094000
1094025
1095728
1095990
1096999
1097155
1097570
1098572
1098679
1102320
1102664
1103156
1103264
1104305
1104494
1107091
1107127
1107320
1109225
1109812
1109995
1110533
1112344
1113414
1113651
1113955
1115335
1115761
1116348
1116374
1116829
1117092
1119033
1120399
1121036
1121221
1121679
1122772
1122835
1123096
1123442
1125331
1127882
1128344
1129217
1129636
1131181
1131493
1131932
1133010
1133313
1134439
1135588
1136311
1137535
1139891
1143029
1144388
1146022
1146263
1148165
1148906
1148962
1149900
1150375
1151154
1152148
1153638
1154596
1155903
1156145
1158016
1158042
1158254
1158493
1160417
1160483
1162280
1163190
1163343
1163998
1166475
1168409
1170890
1172196
1174007
1175061
1175237
1176463
1176772
1177417
1179498
1180589
1180804
1182258
1183333
1185601
1187787
1188444
1190837
1191408
1192470
1197599
1198050
1198100
1198285
1198799
1199436
1201276
1201770
1202751
1203607
1203680
1204653
1205632
1206577
1206577
1207697
1210702
1211008
1211286
1215228
1219331
1219815
1221791
1222801
1223563
1224054
1224728
1224792
1226524
1226896
1227531
1228047
1230470
1231311
1232280
1232435
1233486
1233701
1235012
1236007
1236435
1237341
1237921
1239576
1240177
1240461
1242964
1243535
1244049
1244205
1245157
1245190
1245710
1246773
1246949
1249903
1251760
1251854
1252587
1256497
1256544
1256964
1257400
1257767
1258256
1260317
1261941
1262352
1262428
1264059
1264569
1264785
1267263
1267582
1270184
1270223
1271127
1271153
1271990
1272688
1273453
1273729
1273880
1273995
1274159
1274532
1274679
1275356
1276702
1276740
1277176
1277557
1279625
1281461
1281565
1281810
1283860
1284001
1284884
1285574
1287108
1287716
1287801
1288250
1289393
1289556
1289738
1290591
1293470
1294732
1295911
1296050
1297271
1299024
1299967
1304288
1304855
1305493
1306533
1307431
1308057
1308810
1309009
1309066
1312126
1312429
1313318
1314931
1315217
1315585
1317204
1317411
1317571
1317603
1317866
1318273
1318301
1320109
1320353
1321212
1322448
1323362
1323372
1326761
1327193
1329129
1329278
1331593
1333947
1334435
1334545
1335330
1335523
1336607
1336751
1337596
1342921
1344215
1345182
1345205
1345604
1345905
1346956
1348033
1348039
1349093
1349319
1350750
1351196
1351576
1351958
1352270
1352443
1353197
1354561
1354658
1354784
1354910
1355116
1355882
1356186
1356693
1358306
1359678
1360839
1361240
1362736
1363781
1366158
1368195
1368401
1368437
1368596
1371402
1373050
1373861
1375077
1375557
1376882
1377667
1377873
1377936
1379052
1381647
1382262
1382567
1382986
1386975
1388997
1389952
1390706
1390815
1390863
1391513
1391530
1393102
1394504
1395363
1396793
1396880
1398181
1400120
1400533
1402851
1403292
1404171
1406131
1406187
1406916
1406983
1407224
1408254
1409205
1410314
1412932
1413104
1413682
1414698
1415511
1416904
1417316
1422283
1426524
1427865
1428943
1429067
1429611
1430826
1430831
1430851
1434616
1434708
1435145
1438480
1439336
1439675
1439898
1440927
1441313
1441714
1444658
1445333
1446282
1446577
1446980
1447966
1451371
1452207
1453620
1453810
1454744
1455452
1456101
1456115
1459553
1460258
1460367
1461405
1462251
1467494
1467510
1469235
1470266
1471726
1472343
1475367
1476227
1476713
1477181
1477885
1479356
1480458
1485971
1486038
1486314
1486465
1486832
1490540
1491045
1493216
1495399
1497242
1498146
1498909
1499028
1499507
1499698
1499947
1500060
1502672
1502747
1503641
1504532
1504810
1505181
1505372
1506005
1506201
1506536
1506912
1508221
1508387
1508738
1509876
1510156
1510530
1510643
1510709
1511501
1511832
1513936
1514177
1514530
1516014
1516125
1516909
1517090
1517477
1517902
1518374
1519333
1519469
1520044
1520168
1521262
1521982
1523047
1524731
1525532
1526392
1526906
1528208
1528543
1531648
1534672
1534739
1536593
1537481
1538236
1539483
1541187
1542160
1542427
1543080
1543489
1544592
1547589
1548950
1549260
1549658
1549670
1550389
1551190
1551396
1551557
1551783
1552293
1553676
1555218
1555673
1556604
1559371
1559500
1559631
1560338
1560642
1560768
1561262
1561446
1563287
1564618
1564927
1566937
1567104
1567179
1567353
1568233
1568804
1569799
1573619
1574747
1574967
1575221
1578068
1579219
1579667
1580152
1580705
1581276
1583042
1584205
1584626
1587089
1587232
1588839
1589172
1589267
1589350
1589630
1590196
1591478
1591734
1591900
1591972
1594904
1595198
1595589
1596244
1597224
1602525
1604028
1605167
1611255
1611305
1612013
1616060
1616139
1617793
1619662
1621007
1622532
1623101
1624133
1624553
1626729
1629044
1629595
1630808
1631350
1631435
1632546
1632846
1634979
1638587
1639827
1641237
1642200
1643587
1645677
1647239
1650315
1650589
1650599
1651096
1652581
1652721
1652868
1653147
1653184
1653311
1654362
1655128
1655782
1657943
1660631
1661567
1661773
1663840
1665578
1665845
1666333
1666757
1666892
1667343
1668128
1669726
1671825
1672484
1672766
1673273
1673918
1675775
1675806
1676628
1678217
1678364
1678822
1679137
1682442
1683697
1685713
1685901
1687092
1687571
1688373
1689871
1690291
1690306
1691158
1694129
1694655
1696104
1696908
1696992
1698082
1698907
1700310
1700371
1700457
1702445
1703338
1704241
1705428
1709831
1710496
1711123
1713575
1718304
1718654
1719806
1720436
1720660
1720797
1722490
1723635
1724416
1724553
1725156
1726245
1728238
1730256
1732185
1732502
1733608
1737427
1737866
1738564
1738959
1740727
1741648
1742271
1742302
1743332
1744321
1746509
1746630
1747010
1748961
1749109
1750441
1751501
1751593
1752218
1754362
1755419
1758314
1758372
1759005
1759106
1759781
1760035
1760679
1761318
1762240
1762463
1766361
1769495
1769958
1770042
1772981
1774295
1774732
1775599
1775976
1776907
1778261
1779018
1779420
1780182
1781098
1782216
1782492
1783808
1784205
1785373
1786794
1786830
1787807
1788326
1788671
1789289
1790131
1792064
1793529
1795786
1797487
1798797
1799093
1802405
1802904
1803166
1804342
1804569
1805243
1806185
1806753
1807480
1807694
1808029
1808324
1809386
1810345
1811716
1811774
1813154
1813406
1816787
1817936
1818728
1819643
1821371
1822216
1823947
1827654
1828508
1829201
1829572
1830834
1832335
1833081
1833126
1833679
1834269
1834727
1836603
1838244
1839112
1839458
1839985
1841201
1841324
1843921
1845908
1845926
1846796
1846973
1847567
1847598
1849164
1849292
1850264
1850410
1850753
1850859
1855212
1856833
1857726
1858496
1859376
1860016
1860495
1861932
1864152
1864540
1867144
1868053
1868292
1868628
1869808
1872962
1874024
1877931
1878614
1879342
1879762
1880998
1881451
1882594
1882887
1883333
1883757
1884305
1885092
1885102
1885178
1887811
1887972
1888795
1888873
1889385
1890011
1890948
1892174
1892756
1895092
1895705
1896403
1896903
1897469
1901161
1902086
1902297
1904826
1905161
1906714
1909384
1910438
1911047
1911777
1912358
1912657
1912915
1913774
1913787
1914123
1915030
1915222
1915965
1916054
1918519
1918721
1920886
1921202
1922382
1924347
1925128
1926303
1926683
1929987
1931492
1931752
1933601
1934597
1934613
1934906
1935728
1935741
1940302
1941290
1941630
1941675
1941699
1945461
1947435
1948480
1950642
1950882
1951383
1952813
1953049
1953323
1953550
1954500
1955192
1955203
1955236
1955247
1955479
1957010
1957328
1958007
1958292
1959319
1959678
1960365
1962860
1964578
1965303
1966410
1966755
1967245
1967500
1967501
1967863
1968102
1971398
1971866
1973436
1974022
1974180
1974914
1975219
1976484
1976983
1977662
1978405
1979197
1979570
1979661
1979988
1980382
1981509
1982144
1983735
1984672
1985034
1987345
1988478
1990057
1991254
1992451
1993339
1993663
1993742
1996611
1997203
1997382
1998054
1998083
1999092
1999783
2000585
2000892
2003827
2005132
2007171
2007775
2009510
2010513
2012244
2012993
2013614
2013981
2015777
2015938
2016528
2016805
2019908
2020084
2020284
2021575
2022962
2023080
2023284
2024147
2026047
2027833
2027880
2027977
2028415
2028468
2028650
2029591
2030081
2033316
2033337
2037113
2039173
2041650
2041711
2042898
2044551
2045159
2045313
2046054
2046317
2047683
2048295
2049676
2049684
2049884
2050849
2052082
2052999
2053724
2055640
2058661
2059621
2060373
2060964
2062231
2064485
2064785
2065115
2065863
2067005
2067155
2067989
2071607
2072548
2074191
2074351
2077678
2077909
2078303
2078774
2079293
2082351
2084093
2084295
2084752
2085734
2086296
2086784
2088280
2089571
2090431
2090878
2091057
2092208
2096143
2098137
2098277
2098403
2098589
2099042
2100445
2102605
2103542
2104593
2104877
2105086
2106093
2107156
2107656
2107724
2107814
2107868
2108112
2108973
2109074
2109884
2112047
2115077
2117060
2117103
2117582
2117845
2118298
2120170
2121106
2121353
2123274
2123759
2124731
2124779
2124815
2125867
2125957
2126004
2126199
2128005
2130162
2130543
2134667
2134794
2136774
2137322
2138407
2139186
2139725
2139836
2141019
2141150
2141857
2142533
2145132
2145176
2145362
2145555
2147916
2147996
2148273
2148861
2151058
2151654
2151885
2154085
2158899
2160078
2161575
2161988
2164740
2166350
2167832
2167941
2168736
2169016
2169246
2170441
2176142
2176738
2178117
2178550
2179889
2180707
2180965
2181041
2181264
2181839
2183691
2184308
2185148
2186566
2190050
2190413
2191003
2191264
2191916
2192771
2193919
2194455
2195086
2195494
2197920
2199505
2202553
2204258
2206097
2208126
2209759
2211944
2212036
2212431
2213685
2213951
2215320
2215340
2216365
2218380
2218866
2219058
2220439
2221067
2221542
2224400
2225950
2226659
2228455
2228637
2229734
2230634
2230812
2231006
2231022
2232062
2232192
2232608
2237998
2242761
2243816
2244623
2244632
2245145
2245241
2246182
2246856
2247130
2247736
2250461
2251523
2252892
2253935
2254856
2255848
2256117
2257422
2257709
2258776
2261251
2264984
2267505
2267520
2267709
2268907
2269199
2270505
2272780
2273588
2274421
2275221
2275440
2275844
2277247
2279531
2280075
2280343
2280427
2280508
2280515
2282360
2282988
2285161
2285501
2286317
2286565
2287083
2287208
2287326
2288921
2289916
2291465
2292362
2292410
2294774
2296190
2296603
2297017
2297524
2297598
2299539
2301619
2302974
2304534
2305633
2306346
2306397
2307489
2311842
2312906
2312926
2313202
2313216
2314286
2316534
2320643
2320857
2321364
2321840
2323034
2323768
2324231
2325239
2327214
2327957
2329555
2332899
2334529
2335495
2335700
2338218
2339504
2339839
2340205
2342253
2343839
2344154
2347769
2348185
2348532
2348947
2349186
2350822
2351523
2355981
2361199
2363038
2363926
2364420
2364943
2366226
2366249
2366451
2367458
2367583
2367958
2368577
2368696
2369369
2369550
2371120
2372963
2373073
2373439
2374939
2375419
2377363
2379890
2380014
2381395
2381814
2382293
2383609
2384622
2387486
2388135
2390137
2390161
2392795
2393770
2393774
2393870
2394245
2394438
2394657
2395653
2395773
2396529
2398746
2398871
2399118
2400638
2400871
2401030
2402016
2403469
2404545
2409738
2409841
2410429
2411103
2411165
2411420
2411582
2412528
2413136
2414300
2414985
2416781
2417621
2418938
2419232
2423370
2423717
2424802
2425034
2425344
2425713
2426024
2426780
2428002
2428279
2428308
2429558
2431639
2432042
2432373
2432606
2432900
2434563
2435047
2435371
2436923
2437599
2438114
2438326
2438386
2442443
2443076
2443633
2444141
2445102
2445603
2445716
2447039
2448501
2450165
2451074
2451419
2451612
2452371
2452618
2454012
2454159
2454612
2460359
2460393
2461092
2462442
2462484
2462854
2464380
2465553
2465968
2466099
2471247
2472339
2473287
2476418
2476521
2476724
2477559
2479195
2479535
2480884
2482221
2483074
2483680
2483769
2483957
2485443
2486812
2486829
2487396
2487963
2488385
2489130
2490554
2491595
2494315
2494357
2495103
2495861
2496510
2496539
2497394
2497784
2498405
2500576
2500819
2501080
2501248
2501249
2503460
2504096
2504295
2504392
2504927
2505149
2505562
2505673
2505917
2505984
2506529
2508262
2509332
2509945
2510510
2510820
2513178
2514357
2514405
2514480
2517615
2517750
2518830
2518904
2519754
2520309
2520624
2520742
2521035
2522044
2524155
2524276
2525295
2525749
2527002
2527189
2527515
2527751
2528028
2528642
2531160
2532823
2534442
2534659
2535369
2536456
2537926
2539100
2540697
2542129
2542244
2542842
2543082
2543117
2544607
2545393
2547138
2547795
2548162
2548859
2550193
2552122
2552429
2552515
2553555
2554599
2554634
2554663
2556087
2557593
2558639
2560419
2562373
2562384
2564747
2565149
2567200
2567555
2568133
2570979
2571584
2572184
2574389
2574603
2575468
2575905
2578819
2579447
2580401
2582245
2583886
2584260
2584545
2586726
2586750
2586846
2586880
2587865
2587888
2588489
2588726
2589395
2589409
2589420
2589493
2591399
2594724
2596351
2597329
2598865
2601347
2601524
2601835
2602501
2604545
2604577
2604726
2608723
2611857
2613632
2614682
2616725
2618853
2619329
2620353
2626763
2627168
2628233
2629410
2629446
2630353
2631485
2634807
2634814
2636495
2637053
2637806
2638091
2638841
2639040
2641810
2642428
2643516
2644976
2645731
2646514
2646528
2646867
2647540
2649723
2650624
2651175
2651424
2651949
2652682
2653032
2654201
2657877
2659438
2659923
2660590
2661799
2662144
2663520
2663997
2664889
2665441
2668496
2668998
2670649
2673062
2673323
2674028
2674253
2676215
2676330
2676857
2677134
2677927
2678340
2678601
2679012
2679396
2680609
2680806
2681734
2682287
2682838
2684537
2685484
2685595
2685714
2686271
2686733
2686786
2687762
2688089
2690592
2690693
2692740
2692953
2693357
2695403
2695760
2695829
2696040
2696160
2696373
2698490
2699817
2700268
2700505
2701036
2704040
2706309
2707043
2707477
2707624
2707885
2708278
2708853
2709253
2709557
2710726
2711682
2712581
2715767
2716195
2716360
2718085
2718089
2720717
2721910
2722321
2722936
2723291
2724599
2724909
2726780
2727135
2727138
2728659
2729429
2729843
2730902
2732641
2735077
2735206
2736510
2737141
2737620
2738606
2738649
2740035
2740730
2744618
2745047
2745632
2747574
2747590
2749196
2749335
2750224
2751728
2751901
2752038
2752373
2752598
2753466
2754006
2756062
2759275
2760421
2762378
2763594
2764516
2767031
2767044
2767719
2769631
2771030
2771650
2772618
2773855
2776363
2777158
2777641
2778035
2778589
2781169
2782974
2783334
2785147
2785917
2786241
2786537
2786757
2787005
2787919
2790095
2790109
2790815
2791148
2791387
2796008
2796221
2796382
2797513
2798486
2800461
2802809
2803507
2803802
2804070
2804978
2808067
2809431
2809431
2809444
2810495
2810524
2810899
2811394
2814029
2819341
2819440
2820551
2820729
2820796
2823602
2824190
2831431
2832938
2833119
2833496
2833731
2835728
2835897
2836501
2837502
2839490
2839708
2840664
2840947
2841726
2842765
2845741
2848198
2849263
2850059
2850098
2850744
2851211
2851854
2851949
2854465
2854586
2855943
2857246
2857317
2864238
2865170
2865770
2865902
2865906
2866305
2866445
2867158
2867308
2867450
2868257
2869878
2871066
2873206
2873718
2874343
2874550
2875032
2875073
2875648
2877790
2880027
2880596
2881165
2883346
2883469
2885511
2885992
2886099
2886441
2887743
2889685
2891638
2892581
2893803
2893999
2895077
2895770
2896794
2898031
2898865
2898922
2900204
2901205
2901510
2901604
2902295
2903207
2903722
2905517
2907221
2907748
2911536
2911965
2912293
2913795
2914743
2917040
2919488
2920203
2920711
2920822
2921266
2923361
2923724
2926461
2926852
2927644
2927795
2928929
2930639
2934556
2935227
2939749
2940150
2940333
2940644
2941045
2942484
2944052
2945228
2945322
2947231
2948243
2948617
2949827
2951860
2953804
2953960
2954213
2954333
2954695
2955174
2956034
2958762
2959850
2961662
2962716
2963415
2963487
2963748
2963944
2964556
2966172
2966265
2966389
2966591
2967024
2968170
2968693
2968919
2969983
2970609
2970832
2972110
2972528
2972547
2972873
2972907
2974180
2974262
2974768
2975696
2977772
2979503
2980098
2981393
2981806
2985206
2985548
2986711
2987535
2987654
2988155
2989505
2990721
2992334
2992891
2993296
2993426
2994697
2994709
2994775
2995519
2997129
2998570
2999413
2999613
2999904
2999944
3000364
3000973
3001296
3002634
3002854
3003017
3004877
3006961
3007372
3008947
3009144
3009237
3009847
3011657
3011724
3012168
3012475
3013060
3014615
3016037
3016098
3018941
3019851
3023111
3024556
3024596
3025227
3025248
3029101
3029879
3030350
3032222
3032434
3032819
3033510
3035297
3036051
3036515
3036690
3036813
3036840
3037050
3037343
3037665
3041294
3043557
3043897
3044449
3044680
3045424
3045640
3046239
3046356
3046462
3048758
3050032
3050178
3051609
3051735
3053342
3053364
3053893
3054463
3056349
3056682
3057111
3057889
3061907
3063880
3064949
3066146
3066518
3067022
3067872
3068842
3070593
3071378
3076070
3076229
3080272
3080953
3081042
3081244
3081643
3082335
3083069
3084372
3085484
3088704
3090626
3091438
3093693
3094238
3094466
3094711
3095341
3095687
3095849
3096567
3096606
3097622
3099627
3099640
3102495
3102555
3105224
3105802
3105854
3109392
3110830
3111012
3111971
3112053
3115525
3115651
3116137
3116743
3116784
3119557
3120185
3120655
3120811
3121935
3122187
3123516
3124292
3124609
3124784
3125232
3125399
3125408
3125669
3125953
3126759
3128204
3128252
3129363
3129412
3129661
3131339
3131446
3131628
3132340
3132805
3133364
3133834
3135563
3136539
3136540
3138172
3139746
3140335
3141601
3143479
3144563
3145277
3145944
3146669
3148261
3149588
3150608
3152610
3152790
3153080
3155351
3158752
3158989
3159731
3160375
3160565
3160746
3162904
3163178
3163560
3163852
3164193
3165257
3165895
3167827
3170719
3171142
3171935
3171985
3172827
3173163
3174167
3175677
3175840
3176649
3177108
3178871
3183405
3183859
3186824
3187091
3187363
3188455
3188964
3189863
3192410
3193297
3193796
3194138
3194320
3194480
3194895
3195066
3196589
3196629
3200088
3200572
3200922
3201646
3202377
3202870
3203740
3204581
3204914
3207616
3207963
3208085
3208445
3209220
3210762
3211031
3211823
3214664
3214783
3216110
3218242
3218352
3218682
3218926
3220471
3221021
3221183
3223270
3224211
3224676
3225104
3225497
3226095
3227886
3228339
3229113
3229745
3230034
3230658
3231726
3232015
3232455
3232529
3235243
3235452
3236392
3237511
3237610
3237827
3237852
3238564
3239012
3241008
3241403
3242067
3242284
3242746
3243088
3243732
3244139
3245476
3245809
3249566
3251357
3251619
3253081
3253244
3253697
3255655
3256576
3257496
3258591
3258755
3258973
3258985
3259660
3261474
3263389
3265784
3266005
3266092
3266369
3266950
3267004
3267321
3267727
3267743
3268876
3270122
3272370
3272575
3272636
3273376
3273892
3274131
3275005
3275105
3275131
3275833
3276224
3276458
3280194
3281398
3281739
3281937
3282403
3283329
3283748
3284177
3284884
3287608
3288950
3290141
3290997
3291699
3292660
3295039
3295605
3295662
3297260
3299250
3299407
3299737
3299829
3300417
3300703
3301376
3301486
3303497
3305605
3307055
3307220
3308809
3313392
3314762
3315098
3315328
3315667
3316264
3318128
3320941
3322643
3324987
3325277
3326982
3327575
3329368
3330192
3330466
3332540
3336011
3336962
3339317
3339891
3345188
3345356
3345613
3345975
3346284
3346621
3347721
3352051
3352238
3353974
3356038
3357084
3357814
3358861
3360485
3360975
3361646
3362754
3362991
3363080
3363425
3363609
3365447
3366282
3366753
3367930
3368964
3369741
3369826
3370064
3370696
3371104
3372298
3375456
3376390
3377704
3377980
3378168
3378396
3379524
3381953
3382189
3382740
3383088
3384788
3385372
3387329
3387488
3389751
3389944
3390399
3390740
3392656
3392738
3393288
3394314
3395106
3395520
3395612
3396295
3396808
3400118
3402330
3403188
3404349
3406229
3406371
3407632
3407941
3409172
3410071
3410377
3410453
3410570
3411460
3414857
3415288
3416079
3417282
3418288
3418446
3418455
3418715
3419801
3421199
3421360
3423597
3423662
3423731
3424705
3428169
3428526
3429395
3429777
3432741
3432815
3434291
3438730
3439839
3440107
3441971
3443119
3445259
3447496
3447948
3449033
3449065
3449264
3450218
3450625
3450988
3452725
3456846
3458245
3459035
3460209
3461680
3463264
3463967
3464782
3465385
3467042
3470565
3471527
3473167
3473409
3473649
3474075
3475023
3478581
3481212
3484300
3484841
3486293
3486771
3487816
3488092
3489639
3490341
3490774
3491622
3492078
3492773
3493323
3494855
3495737
3496686
3498238
3498567
3499679
3500321
3500583
3501598
3502259
3503231
3503673
3506049
3506382
3507433
3508911
3511042
3511972
3512509
3513499
3514456
3515302
3515410
3515679
3515930
3516338
3516421
3518447
3519309
3519321
3522699
3524137
3524688
3524888
3526597
3528846
3533072
3535020
3535529
3535666
3535788
3538643
3540015
3540370
3543910
3546174
3548215
3549567
3551335
3552366
3553977
3554446
3555177
3555759
3556353
3556735
3556817
3557169
3557886
3559329
3560628
3561825
3563352
3564010
3564428
3566862
3567452
3567513
3570456
3572482
3572510
3576627
3576680
3577277
3578084
3578488
3579062
3579465
3579567
3581046
3581631
3582114
3582588
3582757
3584120
3586129
3586822
3587117
3587389
3588208
3590097
3591782
3591850
3593888
3594163
3595573
3595938
3595993
3596460
3597943
3599370
3599935
3602453
3603827
3607546
3608500
3608591
3608741
3609320
3613554
3614935
3615322
3616036
3617168
3618895
3623753
3625286
3627659
3629372
3629767
3630259
3630634
3630991
3631809
3632287
3634260
3634309
3636297
3637682
3639238
3640102
3640352
3642850
3643099
3644424
3644825
3649616
3651194
3651387
3653060
3653921
3655354
3655481
3656067
3656536
3657813
3658092
3659099
3659532
3659672
3660387
3660421
3661111
3664057
3665633
3665703
3667125
3668846
3671092
3671507
3672191
3673194
3673522
3673621
3673985
3674960
3676207
3680790
3681320
3682049
3683945
3684457
3685083
3685543
3685650
3686230
3686321
3687228
3687938
3688038
3688546
3688627
3688782
3688876
3689576
3689618
3689891
3690087
3690193
3690434
3690660
3691366
3692341
3693301
3693802
3694723
3695093
3695433
3695590
3695825
3696125
3697374
3697557
3699108
3702167
3703476
3703870
3704356
3707291
3708355
3708485
3709916
3713532
3714046
3715014
3717924
3718081
3719684
3719974
3720466
3722598
3722863
3724950
3725620
3727382
3728597
3732272
3733981
3734199
3734629
3736639
3740505
3740566
3741679
3743040
3743519
3745821
3749399
3749414
3751357
3751875
3754300
3754733
3756344
3760611
3761051
3761765
3762971
3764611
3765885
3766569
3766674
3766687
3768273
3768513
3768579
3771627
3771692
3773297
3773570
3774231
3776034
3776435
3779478
3783777
3785254
3785942
3787834
3788577
3789178
3792128
3793250
3793251
3793870
3794244
3798594
3799669
3801211
3802673
3803330
3803481
3803550
3805188
3806987
3807052
3807178
3807508
3809210
3809298
3809985
3810605
3811655
3811849
3812424
3813077
3813689
3814827
3814839
3816415
3818765
3819193
3819721
3820177
3820230
3820830
3821233
3821680
3822177
3823851
3824037
3824998
3825494
3826098
3827169
3827568
3828408
3829192
3830752
3832085
3832849
3833238
3834457
3835556
3836702
3837071
3837683
3838044
3838491
3839639
3840494
3841178
3841975
3844001
3844234
3844290
3845531
3847693
3850362
3852736
3853916
3854410
3855269
3859081
3860158
3860405
3860555
3862193
3863595
3865572
3865773
3866636
3869125
3869272
3869784
3870867
3870941
3871260
3871658
3872787
3874065
3875244
3878354
3878419
3879150
3879490
3880385
3881942
3883040
3885332
3886294
3887346
3889279
3889653
3890484
3891457
3892055
3892421
3892941
3894242
3895401
3895995
3897353
3897839
3899186
3899955
3900926
3901682
3904329
3905265
3905943
3906060
3906884
3909229
3912660
3914138
3914164
3914834
3915343
3915397
3918266
3918806
3920475
3921108
3922309
3922506
3923002
3923040
3923341
3923993
3924572
3925680
3926340
3928865
3930031
3930158
3932124
3932469
3933832
3935704
3936183
3938363
3939068
3940320
3942181
3943047
3943253
3945687
3945876
3946104
3946113
3947839
3948329
3948799
3949450
3949834
3950757
3951572
3951781
3952953
3953431
3956226
3956242
3956462
3958035
3959158
3962994
3963705
3964581
3965912
3965962
3967553
3967851
3969585
3969755
3971349
3972170
3972512
3973242
3973399
3973812
3974055
3974534
3975208
3976506
3978141
3979687
3980995
3981962
3982631
3983258
3983570
3984222
3985545
3985737
3986035
3986115
3987483
3987782
3988056
3988515
3988691
3989159
3990003
3992428
3993080
3994032
3994386
3994635
3996902
3997989
3998189
3999181
3999829
4001324
4001804
4001854
4002371
4002821
4005551
4009393
4011898
4012229
4013897
4014458
4017053
4017852
4018188
4018801
4020118
4021808
4022680
4022728
4023173
4023689
4024018
4026206
4027566
4028321
4030176
4030778
4031711
4033590
4033800
4036476
4038684
4040160
4042397
4042669
4045038
4045258
4047185
4048146
4049340
4049664
4050228
4050604
4054765
4054945
4056374
4057400
4058003
4058119
4058598
4058752
4061591
4061596
4062192
4062379
4063347
4064244
4065212
4065339
4065609
4066346
4066467
4067145
4068559
4069887
4070451
4071519
4071667
4077450
4080500
4081516
4081593
4082893
4084058
4084181
4084982
4086205
4087041
4087804
4088841
4092650
4093046
4093650
4094392
4095006
4095386
4096407
4096906
4098440
4099478
4100247
4101112
4101482
4102605
4102773
4106816
4107142
4107670
4109522
4110261
4112924
4114471
4116099
4116908
4118139
4118597
4121693
4124457
4124747
4125071
4125258
4125602
4126603
4126935
4128036
4130653
4131214
4133696
4134549
4136788
4138396
4139042
4141617
4143980
4144849
4146435
4148139
4150833
4150850
4151909
4153005
4153817
4154202
4154249
4155539
4157541
4158048
4159843
4159878
4160814
4161159
4162418
4163002
4164779
4166924
4167443
4169691
4172306
4172349
4172912
4174590
4174745
4175611
4176242
4176418
4176498
4177634
4181990
4182611
4184871
4185743
4187324
4189555
4189751
4189831
4190307
4191591
4191865
4192113
4192580
4192884
4193744
4195571
4195949
4200487
4201224
4202907
4202993
4203296
4204857
4205683
4206159
4206886
4207029
4209757
4210314
4211859
4214228
4215152
4219367
4220794
4222645
4223089
4224513
4224570
4225223
4226552
4228007
4228133
4230760
4233642
4234184
4234443
4234774
4234862
4234896
4235728
4237522
4237571
4237750
4238113
4238233
4238276
4239749
4240253
4241071
4241372
4242131
4243316
4243977
4244182
4247672
4247744
4248838
4249298
4249899
4249991
4250455
4254845
4255461
4256155
4256253
4256377
4256967
4257478
4258752
4261153
4263333
4265238
4265658
4267549
4267650
4269730
4270478
4270579
4271389
4272038
4272751
4273869
4275098
4275177
4276009
4276010
4276303
4276624
4277426
4279017
4279246
4279309
4279779
4280108
4281233
4281280
4281651
4281950
4282254
4282298
4284787
4286102
4286425
4289285
4289496
4289862
4290319
4291611
4292318
4292472
4293539
4294222
4294872
4295059
4295218
4295753
4295806
4296908
4298747
4299054
4299345
4302394
4302760
4302952
4303100
4307591
4310888
4311367
4312018
4312764
4312978
4313003
4313381
4317806
4320525
4321139
4321771
4321816
4321902
4322097
4323081
4323593
4324552
4325268
4325648
4326410
4328470
4329436
4330303
4331532
4331965
4332546
4332637
4336467
4338977
4339212
4340119
4340343
4340632
4341357
4342666
4343203
4343737
4343786
4344150
4344390
4345656
4346589
4347419
4347764
4348149
4349238
4349810
4350795
4351041
4352016
4352393
4352660
4353981
4355353
4355465
4355983
4356189
4356624
4357032
4357191
4358347
4359377
4359500
4359955
4360280
4362486
4362999
4365052
4365846
4367450
4368338
4369762
4371871
4371913
4372497
4373581
4374018
4377422
4377879
4381306
4383156
4384280
4384937
4385110
4386026
4387866
4388674
4390279
4391226
4391533
4391917
4392519
4398636
4399264
4400262
4400320
4404907
4407639
4408302
4409703
4410958
4412615
4412977
4413316
4413754
4414555
4416309
4418011
4419546
4420319
4420744
4422355
4423149
4423386
4425962
4426989
4430851
4432177
4432771
4434058
4435226
4435497
4436095
4436399
4438647
4439122
4440760
4442987
4443671
4443803
4445583
4446644
4447084
4447654
4448370
4448628
4450149
4451062
4452307
4454773
4454913
4456029
4456265
4457372
4458036
4458277
4458513
4460027
4462207
4463129
4464146
4464734
4464939
4468306
4469018
4469569
4470180
4470312
4470518
4470780
4470857
4474432
4474517
4477363
4480236
4483185
4483556
4488617
4490451
4491049
4494336
4497252
4502538
4502936
4503056
4503229
4503715
4508269
4508272
4510791
4510945
4512141
4513152
4514556
4514753
4515674
4518841
4521481
4523559
4524634
4526111
4526345
4526429
4526760
4528916
4528983
4529038
4532470
4532536
4534895
4534960
4536496
4538359
4542146
4542951
4543880
4544981
4546623
4548488
4551763
4552258
4552560
4553216
4553332
4553839
4553981
4556709
4557181
4558300
4558943
4559104
4559630
4563349
4564181
4564377
4564549
4565071
4567675
4569754
4570571
4571285
4575584
4578806
4579347
4580708
4582390
4582923
4587220
4588709
4592408
4592935
4594848
4595729
4597544
4598838
4601732
4603251
4604491
4606343
4609093
4609310
4609946
4612754
4613163
4613188
4614407
4614568
4615851
4616279
4616371
4616581
4618028
4618335
4619189
4620851
4622540
4624116
4626046
4628487
4629640
4629869
4630521
4631345
4632869
4633963
4634575
4635003
4635976
4636635
4638494
4639078
4639955
4640210
4640362
4640482
4641938
4643026
4643074
4643301
4643448
4643834
4644240
4644433
4645245
4649059
4649810
4650306
4651075
4651308
4652300
4652880
4653531
4654322
4655142
4655202
4655347
4656884
4656922
4657062
4658734
4660215
4660262
4660808
4661188
4661706
4661735
4665942
4667207
4668642
4669391
4669581
4670407
4671794
4671993
4673086
4678358
4678810
4679125
4681483
4682402
4682555
4683158
4683186
4684778
4684787
4687402
4687714
4688149
4688969
4689876
4692172
4692213
4693881
4695411
4696862
4697490
4704833
4706257
4706742
4707551
4711054
4711998
4713948
4717722
4718578
4719180
4719249
4719309
4720831
4722893
4723013
4726017
4726494
4726583
4728624
4729042
4729828
4731707
4733434
4734266
4734446
4735694
4737101
4738022
4740153
4740437
4742255
4742675
4743309
4745283
4746498
4747371
4748345
4751662
4751919
4752354
4753825
4758334
4758555
4760749
4764104
4766238
4766836
4767194
4767799
4768223
4768632
4769908
4770700
4772631
4772944
4773223
4774679
4775709
4776839
4777626
4777749
4779271
4783063
4784961
4786729
4786772
4786821
4786858
4787593
4788798
4791569
4792612
4792654
4793248
4794428
4795027
4798545
4799691
4800193
4800377
4800918
4803448
4805578
4808337
4808978
4811158
4812557
4812708
4815642
4816065
4818072
4819038
4819487
4819606
4820679
4821152
4822019
4822668
4823846
4824552
4827726
4827779
4828142
4828791
4830441
4830983
4834017
4837018
4838009
4839181
4841581
4842200
4846903
4847334
4848346
4848594
4848712
4849316
4851334
4852782
4852969
4856942
4857583
4858102
4858609
4859603
4860422
4860764
4861638
4862261
4862398
4863483
4863618
4864041
4864334
4864465
4865645
4867630
4868858
4869017
4869131
4871099
4871658
4871755
4872108
4872447
4873602
4874802
4875174
4875619
4876104
4877848
4878502
4879508
4879633
4880773
4882309
4884148
4884538
4885270
4885621
4886105
4887387
4888399
4888816
4890086
4891459
4893810
4894182
4894346
4894634
4895197
4896837
4897261
4898186
4899064
4899171
4899406
4899665
4899806
4900745
4900906
4900971
4901909
4904590
4906117
4910269
4912048
4912422
4913126
4913636
4913787
4914302
4916295
4916938
4918859
4919005
4920383
4923184
4924190
4924881
4925394
4926023
4926186
4927122
4927814
4928836
4931880
4933467
4934927
4936404
4936823
4936910
4937289
4938644
4939707
4941953
4942274
4944605
4944718
4945863
4945926
4946180
4946260
4947686
4951324
4952835
4953724
4954023
4954922
4955298
4959616
4961214
4961509
4963748
4963972
4964263
4966415
4966539
4966796
4968538
4968793
4969145
4969474
4969720
4970146
4972756
4973314
4973427
4973884
4974270
4975076
4980057
4981446
4981616
4981728
4982035
4982216
4983450
4983576
4983606
4984785
4987481
4990022
4991839
4991973
4993197
4993736
4993947
4995676
4996340
4997254
4997339
4997927
4998697
4999378
4999536
5000018
5001352
5003923
5005044
5006768
5008024
5010063
5011816
5012562
5013327
5014030
5015254
5016355
5017928
5018547
5019071
5019286
5022288
5022523
5022739
5023727
5025172
5025540
5026825
5027304
5027365
5028630
5028792
5029239
5030884
5031179
5031694
5035786
5037093
5039321
5040582
5041032
5041163
5041719
5042024
5043720
5045326
5045464
5048207
5050175
5050377
5051094
5051831
5053863
5054852
5055325
5055515
5058838
5059700
5060158
5060417
5062365
5063608
5064396
5064665
5066843
5067013
5068065
5068671
5068734
5069478
5070845
5071358
5075040
5075643
5075897
5078051
5079045
5080827
5080902
5081702
5082776
5083436
5083837
5084997
5085479
5085485
5086204
5086556
5086886
5087922
5088933
5089050
5089415
5090478
5091252
5092896
5095249
5095403
5096066
5097058
5098958
5100001
5101221
5101891
5102907
5104967
5106910
5109436
5109477
5111207
5111390
5112621
5112716
5113203
5113730
5113877
5114131
5114268
5114385
5115231
5116039
5117345
5120023
5123517
5124404
5127926
5128510
5128819
5131037
5131609
5134706
5136272
5137190
5138016
5139420
5140130
5140819
5140834
5142698
5143306
5143660
5143752
5144807
5146758
5147836
5149010
5149452
5149574
5149618
5150427
5152345
5153448
5153786
5155479
5156748
5157722
5158833
5163213
5164011
5164729
5165489
5165494
5165571
5166459
5166881
5167216
5167859
5168413
5169388
5169998
5171096
5172582
5172786
5174726
5175085
5175263
5176367
5177830
5178701
5180206
5182117
5182128
5182727
5182886
5183001
5183431
5183484
5183923
5186731
5186847
5186994
5188600
5190383
5191822
5192266
5193731
5193922
5194003
5194437
5196825
5196852
5197352
5198409
5200556
5200581
5203002
5203462
5203900
5203995
5204325
5206988
5207566
5207953
5208056
5210456
5210501
5210838
5211671
5212026
5212614
5212868
5214140
5215210
5215444
5215495
5215895
5216428
5216738
5217421
5217524
5218339
5218621
5218900
5219143
5223039
5223110
5223681
5224554
5224572
5225892
5226193
5226632
5226945
5227539
5228088
5228730
5231302
5232599
5232900
5235264
5235672
5236901
5237388
5238235
5238429
5239298
5239443
5240798
5241302
5242874
5243723
5243967
5247736
5248128
5248488
5251794
5251866
5252185
5254162
5255484
5256364
5257552
5259404
5259919
5260030
5260615
5261043
5262022
5263490
5268029
5268357
5269564
5270197
5270929
5272037
5272793
5276896
5279065
5279772
5280334
5281450
5281571
5281678
5285556
5287091
5287173
5288502
5288917
5289315
5291247
5294328
5294963
5296180
5296203
5296456
5299515
5300619
5301845
5301845
5303610
5304479
5306108
5307688
5308204
5308949
5309203
5309242
5310750
5311128
5311144
5312808
5312848
5313621
5314040
5314443
5314939
5314988
5316590
5317999
5319439
5324117
5326581
5328160
5328215
5328625
5328834
5329125
5329517
5330667
5331225
5331259
5332975
5333075
5336929
5338692
5338739
5339480
5341362
5341522
5341993
5342871
5343129
5343587
5344257
5345290
5346605
5347431
5347943
5348140
5348841
5349618
5349894
5350412
5351452
5352681
5354767
5358278
5358312
5358783
5359349
5361312
5361657
5362816
5364122
5364883
5365139
5365366
5366427
5368541
5369292
5369825
5371380
5373735
5374395
5374797
5376762
5376905
5378497
5378819
5379040
5379238
5382177
5383646
5384022
5386644
5387112
5387204
5387243
5389947
5390531
5391144
5391391
5391464
5393116
5394481
5397008
5397364
5398404
5398470
5398784
5401218
5402339
5404075
5404755
5405031
5405429
5409177
5411094
5411248
5411436
5412361
5412898
5414500
5415073
5415125
5415900
5416501
5416626
5417066
5418987
5420300
5420603
5421520
5422673
5423381
5424160
5425436
5427614
5428535
5428611
5428981
5430447
5430673
5431511
5432265
5433456
5433552
5435427
5436967
5437546
5438723
5439525
5439529
5440163
5440539
5441003
5444389
5446586
5447652
5449648
5449979
5450416
5450430
5451057
5451787
5451788
5452916
5454042
5455331
5455507
5455587
5456872
5457960
5460496
5460878
5464515
5465622
5465624
5466058
5466885
5467411
5467546
5468169
5468259
5469783
5469986
5470691
5471121
5471382
5472630
5472745
5473661
5473822
5473829
5474509
5475051
5476903
5478395
5478680
5479903
5480692
5480867
5481473
5483329
5484504
5484741
5486052
5486338
5487544
5488075
5488254
5492092
5492353
5492868
5493290
5494453
5495037
5495127
5496620
5498650
5503597
5505308
5507270
5507521
5508869
5509098
5511634
5512200
5513570
5513799
5514729
5515368
5515578
5515784
5516350
5516499
5516990
5520106
5520674
5521353
5526670
5527812
5529115
5529745
5530287
5530438
5530823
5534198
5535035
5536061
5537006
5537181
5538486
5539092
5539461
5539532
5540268
5540756
5540910
5541199
5542260
5542563
5543032
5544511
5545463
5546185
5546244
5547374
5548924
5552212
5552635
5552712
5553671
5553918
5554326
5555720
5556039
5557878
5558309
5558622
5558819
5559754
5561235
5563905
5564077
5564725
5564831
5566218
5567147
5567435
5571163
5573084
5573415
5573878
5573953
5574356
5575019
5575606
5575847
5576496
5577024
5577738
5578705
5579240
5579309
5579488
5580426
5580454
5581513
5582654
5582877
5583675
5584057
5584824
5587383
5589287
5589623
5591164
5592823
5593631
5594177
5595144
5597229
5597311
5599753
5600604
5600858
5601851
5605799
5606405
5608214
5610883
5611660
5611939
5613109
5613196
5613464
5613570
5614946
5615873
5618158
5621362
5621740
5622063
5622223
5622289
5622419
5622689
5625373
5625837
5626473
5626884
5629081
5630302
5630863
5631877
5634436
5635556
5635670
5637726
5639918
5640400
5640454
5642000
5642713
5643192
5643243
5643387
5644642
5646241
5647997
5648259
5648363
5648648
5651343
5651545
5651604
5652131
5655054
5655111
5655506
5655817
5656293
5659224
5660246
5661448
5662689
5664675
5664893
5665691
5666253
5666817
5667093
5667892
5669127
5669477
5672101
5673760
5679630
5683220
5686684
5686980
5687918
5690665
5690708
5694416
5696386
5698096
5698163
5698196
5698712
5699715
5700185
5700976
5701380
5702056
5702460
5702612
5702936
5704138
5704519
5704766
5705050
5705410
5706057
5707276
5707916
5708936
5710080
5710535
5711700
5712089
5713655
5714230
5715484
5716224
5716837
5716985
5717147
5717389
5717952
5718194
5718299
5718449
5718741
5718801
5721792
5722005
5722064
5724180
5725749
5726057
5727763
5727898
5730115
5730614
5730856
5731280
5732342
5733448
5736095
5737087
5737227
5737401
5738896
5739640
5739765
5742783
5743099
5743474
5743550
5744126
5744151
5744227
5745246
5745303
5746356
5746847
5749261
5751167
5752025
5753960
5754964
5755239
5756904
5756939
5757204
5760347
5760898
5761925
5762425
5763361
5763947
5764272
5765235
5766044
5766373
5766822
5769168
5770923
5771430
5772778
5773144
5774521
5774579
5774869
5778216
5779490
5780238
5780743
5781519
5783499
5786524
5787280
5788069
5790701
5792490
5792827
5794490
5796607
5797351
5798108
5800645
5801073
5803162
5803171
5803919
5804149
5804368
5805580
5805624
5807224
5808025
5809677
5811222
5811772
5813315
5814348
5814825
5815232
5816596
5818643
5819676
5821148
5822299
5822454
5822474
5823104
5824239
5825239
5826540
5826650
5827267
5828845
5829520
5829657
5830857
5831054
5831346
5831358
5831474
5835344
5835694
5836406
5836663
5837159
5837509
5839176
5840015
5841895
5842733
5842882
5845051
5846298
5846540
5846687
5847490
5847582
5848381
5851073
5852769
5852859
5853441
5855393
5856301
5856436
5856722
5856809
5857918
5858086
5858909
5859262
5859791
5861507
5864407
5867347
5868011
5868441
5869582
5869729
5869957
5871474
5871769
5871787
5873976
5875358
5876192
5876611
5880477
5881724
5881728
5882048
5883136
5884980
5885032
5885528
5886774
5889303
5893168
5893627
5894236
5894385
5894880
5895768
5896338
5896448
5899026
5899776
5900178
5901787
5902166
5904976
5910198
5911111
5911901
5912295
5912704
5912799
5915622
5916060
5916352
5917162
5917274
5918252
5919799
5919808
5922616
5922888
5923214
5923688
5924188
5926882
5928083
5931641
5932617
5933278
5933518
5934391
5935620
5936130
5936421
5936897
5941672
5942968
5944882
5945246
5945265
5946013
5946731
5947935
5948021
5949003
5949018
5951668
5951706
5951838
5952207
5952805
5952974
5953370
5953901
5954510
5955527
5956161
5957693
5958122
5958926
5959733
5959736
5960450
5960712
5961200
5962943
5964707
5965624
5966993
5968807
5968895
5970533
5970953
5971253
5972734
5973073
5973869
5974110
5974748
5975876
5975968
5976580
5976608
5981029
5981753
5984891
5987384
5988019
5988215
5990170
5990634
5991452
5992200
5995505
5997589
5999526
5999948
6000479
6001006
6001009
6001445
6001822
6001988
6003357
6004600
6005074
6005536
6005693
6009667
6009751
6010884
6011766
6012169
6012715
6013269
6013541
6013994
6015751
6015827
6016733
6017124
6018719
6019092
6019428
6019534
6020454
6021132
6022406
6022700
6024454
6025606
6028362
6028709
6029322
6030055
6030811
6031693
6033000
6034152
6035485
6035688
6035864
6036659
6037635
6038343
6038714
6042701
6044154
6044268
6044440
6044785
6044940
6046675
6048519
6049352
6050304
6051287
6052007
6052299
6052461
6055041
6055139
6055743
6057364
6057616
6060035
6060129
6060154
6062090
6062225
6063544
6068326
6068337
6069284
6070478
6070929
6071452
6072993
6073813
6074638
6075860
6076145
6076343
6076854
6077225
6077941
6078107
6079154
6079487
6080284
6081857
6084422
6084631
6086996
6088227
6089039
6089193
6091453
6091462
6092664
6094124
6096180
6097157
6097282
6097926
6099277
6100837
6101510
6102617
6102850
6103125
6103161
6104881
6105809
6108300
6109270
6109618
6109637
6110534
6110975
6111306
6111702
6111829
6112534
6112992
6113915
6114181
6115387
6115507
6115993
6118346
6119410
6119567
6119718
6120101
6120311
6120462
6122281
6122800
6123613
6124273
6124673
6125157
6125554
6125602
6127594
6129895
6130272
6130435
6130825
6132566
6134552
6135948
6138375
6142638
6142918
6143120
6144764
6145145
6148016
6149195
6149619
6149715
6149964
6150122
6150928
6155753
6155912
6156246
6159387
6159558
6160879
6163200
6163414
6165388
6166512
6166573
6166797
6166929
6166936
6167213
6167299
6167747
6167995
6169251
6169606
6169717
6171899
6172569
6175411
6175744
6177543
6179337
6179589
6180208
6181222
6181553
6182495
6183349
6184066
6184387
6185909
6187058
6187114
6188357
6189386
6190193
6191435
6191909
6193427
6194996
6195140
6196031
6197064
6197874
6198535
6199836
6200471
6201843
6202639
6203002
6203084
6203089
6203117
6203935
6203940
6204152
6206345
6207439
6208747
6208844
6210848
6215252
6216491
6218798
6219424
6219472
6219481
6226029
6226371
6226944
6230491
6230982
6232730
6233874
6235017
6237320
6238512
6239710
6241244
6241307
6242083
6244064
6245683
6246941
6247281
6247348
6247459
6248021
6248063
6248973
6249958
6251273
6252432
6253999
6254148
6254480
6255198
6255251
6255870
6256912
6258043
6259407
6260500
6261393
6261801
6261979
6262895
6265121
6266039
6266383
6266818
6268022
6271568
6271574
6272180
6273190
6274597
6275727
6276976
6278711
6279011
6281044
6282411
6282596
6285247
6285390
6288127
6288510
6288828
6290392
6290656
6290789
6290915
6291518
6292495
6294306
6294438
6294667
6294856
6294860
6294988
6295147
6295484
6296653
6297869
6298268
6298759
6298981
6299250
6299764
6300683
6301176
6302525
6303895
6304804
6304885
6305811
6307083
6308361
6309199
6309391
6309622
6312440
6315573
6316959
6317023
6317530
6318164
6318883
6319658
6321061
6322366
6322495
6322707
6323101
6323694
6324650
6326380
6326892
6329536
6330059
6333383
6334628
6334880
6337038
6337256
6340622
6342438
6342593
6343285
6344110
6344380
6347323
6348939
6350219
6351398
6352119
6352641
6353459
6357288
6359532
6360787
6362006
6363119
6363935
6364461
6365886
6366025
6367748
6367838
6367888
6369749
6369985
6370314
6370967
6371167
6374549
6374785
6375066
6375300
6375631
6375776
6376645
6376750
6376894
6377247
6377878
6379380
6379555
6380749
6381272
6382075
6384034
6384118
6387756
6388553
6389756
6390969
6391236
6391620
6392351
6392667
6392711
6393347
6395972
6396136
6397416
6398880
6398896
6399039
6405424
6406910
6407773
6407823
6408353
6409380
6409427
6410281
6410831
6411130
6412515
6413673
6415565
6416674
6417270
6417628
6420432
6420702
6421469
6423219
6424030
6425880
6425911
6426308
6426861
6427366
6427628
6427878
6428660
6430799
6431496
6432151
6433300
6434160
6434466
6434725
6434766
6435246
6436521
6437023
6437046
6439669
6439968
6440748
6440937
6442566
6442755
6442943
6445128
6446252
6446935
6447263
6447382
6448761
6449634
6453412
6453739
6454353
6455881
6457710
6457995
6459427
6460178
6460264
6465802
6465821
6466510
6467254
6467692
6468557
6471527
6472917
6473265
6475121
6475157
6476150
6476649
6476667
6476716
6476816
6476896
6476954
6477904
6478530
6481029
6481992
6483156
6485660
6486353
6487484
6487700
6487763
6488145
6488253
6489695
6489770
6490148
6490714
6491510
6491569
6494542
6495262
6495636
6497108
6497891
6498422
6499799
6500414
6502188
6502481
6502885
6503586
6505392
6506070
6506555
6507821
6508809
6509963
6510208
6510651
6511957
6511984
6512607
6514044
6515314
6516554
6516618
6520150
6520751
6522866
6524023
6525709
6527230
6527266
6527423
6528498
6529015
6530027
6531567
6531745
6532303
6533432
6535257
6535770
6536745
6537305
6539402
6539963
6540939
6542997
6545180
6545769
6546231
6546267
6546958
6547134
6548486
6548554
6549977
6550456
6550902
6551594
6551948
6552396
6553287
6553310
6554487
6556900
6556974
6557967
6558439
6560391
6560773
6561756
6562111
6564978
6565433
6565924
6569089
6573091
6574800
6576582
6577909
6579975
6580185
6580473
6580891
6585461
6587148
6587751
6587752
6591657
6592197
6594273
6594373
6595576
6596024
6597592
6598902
6600565
6600710
6600881
6603276
6603427
6604113
6605847
6606061
6606249
6607486
6609267
6612225
6612707
6613269
6613330
6613709
6613735
6614779
6615121
6617700
6617868
6618942
6619099
6619197
6623652
6624857
6626374
6627114
6627933
6629409
6629751
6631202
6632548
6633915
6636122
6636213
6636629
6639382
6640179
6640301
6642046
6643223
6643258
6643341
6643541
6646386
6646564
6647374
6649240
6649568
6651262
6653009
6653857
6654734
6655343
6656328
6657296
6657573
6657954
6659402
6661203
6661371
6664542
6665525
6666824
6667814
6668203
6669077
6669935
6670657
6671069
6671164
6673612
6675817
6676474
6677236
6678300
6678651
6678658
6679341
6680075
6682424
6683938
6684787
6685300
6686867
6687168
6687382
6687962
6688815
6689106
6691133
6691523
6691829
6694800
6696168
6696204
6696622
6696668
6698339
6698678
6700065
6700982
6701470
6704475
6705094
6705403
6706096
6707309
6708228
6709687
6709980
6710055
6711211
6711561
6711697
6714160
6714514
6715429
6716877
6717216
6717670
6719451
6720329
6720679
6720756
6721209
6721309
6722289
6723648
6723678
6724176
6724501
6725708
6726738
6727359
6728351
6730142
6730573
6730586
6733461
6733797
6734046
6734642
6734836
6735978
6736220
6736669
6740412
6741474
6743751
6746034
6746170
6747998
6750026
6750031
6751212
6751922
6752527
6752917
6756705
6757258
6758341
6759155
6761547
6761931
6762552
6765655
6765786
6770443
6770580
6771235
6771995
6776526
6777132
6777644
6779245
6779700
6781378
6782262
6782703
6783152
6784207
6787922
6788327
6789700
6790049
6790481
6792020
6792529
6793246
6793531
6794271
6794414
6795956
6797355
6799042
6800040
6800201
6801302
6802626
6803800
6804037
6805968
6807290
6807325
6807605
6810599
6811562
6812823
6814377
6815769
6817755
6819901
6819921
6820264
6820948
6822188
6822417
6822479
6822784
6825972
6826075
6827428
6827732
6828296
6829287
6833076
6833860
6835134
6835854
6837491
6837524
6837592
6837963
6839947
6840234
6842393
6842873
6842950
6843921
6844036
6845148
6846774
6846803
6847026
6847280
6848398
6850036
6850297
6852256
6852353
6852508
6852623
6854152
6854167
6856062
6859323
6860275
6860366
6861912
6863243
6863375
6863514
6866391
6867413
6868116
6868696
6868968
6870402
6870641
6871156
6872852
6875093
6876145
6877797
6878802
6879406
6879630
6880483
6881064
6881304
6881994
6882602
6883542
6884014
6885983
6889458
6890880
6891209
6892966
6893026
6895003
6895168
6897459
6898088
6898436
6899052
6900059
6901616
6901792
6902242
6902845
6903806
6903828
6904459
6905265
6906360
6907653
6908309
6908538
6909446
6909750
6910207
6910300
6910577
6910985
6911854
6912459
6913971
6914709
6915681
6918400
6920137
6920308
6920743
6920832
6921005
6922470
6922614
6924144
6924481
6925786
6925837
6926057
6926190
6926516
6926754
6928471
6931150
6933310
6933540
6934474
6934603
6935094
6936492
6937231
6937367
6938215
6938639
6940012
6940716
6943220
6943332
6944163
6944999
6945072
6945925
6946549
6948370
6949853
6950428
6951795
6954280
6957632
6958360
6960671
6960864
6962481
6962711
6962890
6967221
6970604
6971158
6971159
6973456
6974947
6975443
6977571
6977669
6979017
6980433
6981888
6982876
6983794
6985431
6987343
6987488
6987743
6992029
6992679
6993079
6993885
6994313
6995117
6995409
6996196
6997471
6998241
6998903
6999161
7001186
7001619
7004980
7007760
7008621
7010647
7010890
7011048
7011459
7012006
7014520
7015861
7016841
7016958
7019006
7021090
7021461
7021749
7023860
7025235
7025825
7027315
7030115
7035761
7036803
7037143
7037439
7038379
7041115
7042918
7049068
7049276
7050392
7050393
7052444
7053001
7053793
7054701
7054856
7055120
7057801
7059521
7059760
7060265
7061170
7061787
7062667
7063501
7066495
7066575
7069777
7070223
7071593
7073512
7073969
7074175
7075519
7078085
7078405
7078808
7079043
7079231
7079566
7079654
7080240
7080593
7083706
7084032
7084259
7084677
7084914
7085301
7085911
7086440
7086705
7086964
7088921
7089067
7090776
7091968
7092528
7094349
7094455
7096004
7096055
7097526
7098358
7099282
7100390
7101754
7103609
7106238
7106818
7107850
7112143
7112588
7113846
7114473
7114553
7114632
7115137
7118581
7119064
7119098
7119279
7120943
7123464
7125719
7126120
7128371
7128730
7128782
7128892
7129556
7130673
7132888
7133364
7133445
7134938
7135558
7138664
7138695
7140332
7140373
7143322
7143672
7145192
7146723
7148576
7148864
7149941
7151024
7151518
7153519
7155243
7156112
7156547
7157593
7157649
7157982
7159178
7159738
7160717
7161482
7162162
7162692
7163542
7168888
7170519
7170582
7170766
7171658
7172112
7172206
7172717
7173173
7173606
7173987
7174107
7175032
7177060
7177304
7177396
7178592
7180341
7182452
7183572
7184449
7187445
7189090
7190709
7190841
7193987
7195076
7199597
7201449
7201551
7201773
7203945
7204235
7205362
7206344
7208386
7210207
7210575
7211252
7212607
7214110
7214578
7219133
7219227
7221015
7221779
7223714
7224534
7225389
7227456
7228713
7230394
7231489
7234496
7235010
7238031
7243108
7243910
7244690
7244866
7245697
7248511
7249364
7249670
7249899
7250832
7251262
7253573
7254601
7255484
7260485
7262460
7262572
7263952
7264267
7266531
7269132
7269861
7270416
7272952
7273172
7273312
7273630
7276140
7276198
7276880
7277654
7278776
7278963
7279346
7281254
7281580
7281591
7282601
7282981
7283069
7283894
7285217
7286939
7287828
7288719
7289296
7294067
7295635
7296588
7297562
7300326
7301687
7303973
7303991
7304495
7305083
7305944
7307494
7311220
7312959
7313070
7313478
7314914
7315304
7315459
7315848
7318928
7319395
7319593
7320806
7322838
7323133
7323244
7324012
7324095
7325070
7328138
7331086
7331487
7332350
7333114
7333408
7333441
7336623
7336970
7337256
7337368
7337850
7337902
7338517
7338769
7339133
7339249
7339484
7340088
7342116
7343359
7345149
7345279
7345481
7345764
7346938
7347499
7347842
7347906
7348217
7349479
7350895
7351143
7351755
7352922
7353109
7354845
7355076
7357393
7357697
7357703
7359078
7361460
7362769
7363260
7363822
7367023
7368170
7368378
7370350
7370505
7373580
7373787
7373891
7375105
7375537
7375796
7376577
7376603
7376793
7376997
7380356
7381573
7382936
7385303
7387538
7388159
7389192
7389585
7389651
7390452
7390597
7394070
7394291
7395639
7395952
7397981
7398375
7399115
7401084
7401424
7402378
7405633
7406310
7406407
7407133
7407179
7408112
7409009
7409229
7411777
7413436
7414533
7417895
7418960
7419542
7420199
7420578
7425830
7426224
7426565
7426618
7427920
7431213
7431491
7432364
7432569
7432896
7433020
7435888
7437731
7439876
7442996
7443411
7445212
7446933
7447660
7451216
7453927
7455417
7455425
7456512
7457483
7459497
7459516
7460407
7461280
7463460
7465525
7466762
7467568
7469647
7470003
7470960
7472289
7476156
7477833
7478520
7478795
7479007
7479809
7480469
7480740
7481065
7481086
7481133
7481143
7482215
7482412
7484604
7486085
7486752
7487546
7487612
7487924
7489288
7490172
7490175
7491145
7491616
7491829
7492535
7492820
7493512
7493934
7494634
7495354
7495491
7497028
7497066
7497191
7500079
7500891
7501353
7501896
7503227
7503875
7504925
7507580
7507766
7508081
7508556
7509991
7514694
7514881
7515203
7515641
7516528
7520091
7520273
7521424
7521517
7521892
7522005
7526161
7526568
7528819
7531653
7532363
7532612
7535978
7536090
7537453
7537664
7538264
7538571
7538705
7539032
7541016
7544565
7547030
7547127
7548135
7548730
7549542
7550362
7552130
7553267
7553966
7554032
7554038
7555037
7555163
7555686
7555731
7556581
7557161
7557234
7557775
7559589
7560612
7560740
7562905
7563530
7564581
7565251
7567536
7568885
7568929
7569665
7570628
7570928
7571301
7571399
7572701
7572972
7573104
7573156
7573590
7577307
7578007
7579279
7580628
7580919
7581223
7584216
7584436
7584891
7585124
7585811
7586915
7587198
7587518
7587852
7589696
7590002
7590389
7592385
7593480
7593874
7594873
7594975
7595815
7597127
7597786
7598612
7598922
7600743
7601725
7605931
7607140
7608606
7608767
7608838
7609561
7610278
7611039
7611734
7613292
7613336
7613498
7614112
7614636
7615110
7615869
7615907
7616192
7616309
7616695
7616937
7619054
7619314
7619758
7622018
7622374
7622746
7623817
7625063
7625555
7625885
7626366
7626808
7628732
7629125
7629875
7630991
7634785
7635565
7635609
7637911
7640525
7641075
7642256
7642431
7645559
7646312
7647918
7648453
7648949
7650012
7654327
7654691
7655209
7656283
7657037
7658189
7658693
7660287
7662046
7662576
7662657
7662912
7663351
7663736
7664714
7666810
7667053
7667476
7669256
7670070
7670368
7670402
7670738
7672033
7672144
7672857
7675360
7675570
7676766
7677688
7678293
7683374
7683897
7684488
7684904
7686814
7686837
7689964
7692562
7694033
7694377
7694402
7694755
7695464
7697557
7697895
7700276
7700776
7701693
7702628
7703361
7703440
7704659
7705177
7706718
7708987
7710173
7711351
7711448
7711890
7712100
7715127
7715578
7716711
7717270
7718603
7722727
7723043
7723157
7724566
7726274
7726487
7726837
7727138
7727562
7728029
7728046
7729922
7730738
7732124
7732593
7733111
7735881
7735960
7736786
7736879
7737488
7738336
7738940
7739747
7740263
7740283
7743354
7746042
7746320
7746774
7746999
7747448
7747621
7748147
7748478
7749876
7750736
7754301
7754531
7756583
7757773
7758480
7760055
7760131
7761438
7761460
7762404
7762717
7762794
7764913
7765235
7765250
7765430
7766010
7766270
7767824
7768347
7771067
7771399
7771425
7771437
7771884
7774592
7774814
7774832
7777165
7777941
7779024
7779205
7780270
7780672
7782066
7782080
7783914
7785485
7786298
7786905
7787994
7788064
7790391
7790776
7791854
7792115
7792132
7795228
7796007
7798066
7798145
7799071
7800384
7803217
7803775
7804158
7807007
7807476
7808050
7808141
7808655
7809947
7811433
7812383
7813150
7813999
7814981
7816202
7817253
7817670
7817775
7818236
7818289
7819743
7822488
7823064
7823297
7823820
7824092
7824524
7828235
7829060
7831843
7831863
7833404
7833494
7834785
7835859
7836191
7836389
7838210
7840239
7840378
7841039
7841227
7841247
7842675
7843134
7843557
7844839
7845957
7846679
7848646
7849423
7851510
7853836
7853952
7854757
7855158
7855169
7857769
7860288
7861075
7861380
7861877
7863529
7863542
7867448
7868358
7869668
7870436
7870686
7872884
7873192
7880915
7881885
7883143
7883213
7886711
7888009
7888099
7889142
7892880
7894497
7895160
7896544
7897170
7897245
7897495
7898150
7898603
7899700
7900173
7900489
7903434
7908841
7909919
7910203
7912049
7912255
7913987
7915888
7916014
7916176
7916829
7916960
7917968
7919168
7920641
7920847
7921396
7921649
7923834
7924040
7926557
7928206
7932624
7933380
7934103
7938709
7941660
7942435
7943611
7945194
7946840
7948540
7951003
7951355
7951997
7952975
7953494
7954874
7955481
7955570
7956117
7957892
7961012
7961700
7961909
7962671
7962731
7965940
7966877
7969693
7970513
7970889
7971585
7971912
7972759
7974551
7975190
7975237
7975799
7976950
7977748
7979718
7980060
7980670
7981923
7983647
7983753
7986897
7987273
7987597
7991454
7991487
7992426
7993841
7994355
7995949
7998009
7999903
8000224
8000301
8000568
8001928
8002110
8002489
8002539
8003227
8005013
8006802
8006969
8008036
8008624
8009188
8009540
8011607
8012385
8013366
8013800
8014067
8016410
8017711
8018250
8018555
8020560
8022126
8023795
8024140
8026843
8029002
8029021
8029150
8029573
8030211
8030567
8031069
8032753
8037911
8039790
8040602
8042119
8042196
8042450
8046981
8049934
8051379
8051697
8052604
8052843
8054019
8054817
8055181
8055967
8057411
8057468
8057509
8059474
8059490
8062451
8062573
8063181
8064393
8066609
8067309
8067384
8067690
8067880
8068304
8072245
8072541
8074440
8074957
8075169
8075352
8076120
8076348
8076379
8076673
8076804
8076929
8077315
8077881
8078972
8079516
8079710
8079995
8081095
8082145
8083811
8083910
8085205
8090031
8092770
8094997
8095491
8096488
8098116
8098467
8098750
8099400
8103469
8106165
8106885
8107902
8108475
8109226
8109948
8110897
8112566
8117230
8119357
8119692
8119863
8123900
8124868
8125291
8125597
8128331
8128510
8128703
8128869
8130107
8130243
8133587
8135111
8135856
8136656
8137320
8139063
8139798
8141501
8142426
8142631
8142778
8145012
8145370
8145599
8146195
8148058
8148405
8150332
8150853
8151082
8151431
8152870
8153305
8153816
8154038
8154430
8154550
8155069
8156579
8156691
8157394
8158976
8159279
8160082
8160445
8160938
8162886
8163512
8163568
8164393
8164952
8165368
8169068
8170388
8170691
8171166
8172455
8174096
8174101
8174422
8174626
8174817
8176199
8177513
8179004
8180191
8180451
8181663
8183712
8184528
8184932
8185237
8185614
8186879
8189520
8189711
8191390
8192234
8194276
8194582
8194656
8195834
8196642
8196729
8197468
8200371
8204120
8204616
8206774
8207517
8207889
8207971
8210691
8210769
8211162
8212379
8212880
8216510
8217088
8217315
8217758
8218480
8219072
8219163
8220506
8220847
8221334
8223246
8224402
8226891
8227452
8229543
8229961
8232950
8233266
8234743
8235542
8235752
8237470
8240121
8242005
8242091
8243350
8246106
8246615
8246775
8247446
8248998
8249746
8249839
8250337
8250841
8252920
8253835
8254207
8256280
8257064
8257684
8260097
8261336
8263144
8264163
8264414
8266572
8268880
8272565
8273660
8274029
8275047
8275576
8276397
8277392
8278395
8278429
8278890
8280500
8280532
8281297
8282004
8282213
8282437
8282628
8282957
8283505
8284388
8284439
8287974
8288016
8290314
8290493
8290714
8290827
8291555
8292158
8292364
8294364
8297026
8297215
8297914
8299766
8300605
8301068
8302274
8304085
8306429
8307109
8308521
8310064
8310225
8311920
8312113
8313253
8314695
8315141
8317041
8317379
8319618
8320373
8320768
8321181
8321250
8321831
8322657
8322745
8322767
8323866
8324100
8326349
8327029
8327863
8328160
8328230
8330119
8331466
8331887
8333267
8334083
8334504
8336336
8336709
8339397
8340018
8340062
8340324
8340607
8341834
8341907
8342061
8344102
8345774
8345998
8346183
8348251
8348666
8349562
8350673
8352225
8352452
8354471
8355132
8356816
8357078
8357463
8357813
8359077
8359477
8360422
8360620
8360800
8362097
8363939
8363985
8367194
8367397
8369442
8370375
8371071
8371129
8372008
8372973
8373603
8373867
8374259
8375977
8377436
8377575
8377735
8378346
8379111
8382009
8382076
8383710
8383909
8384909
8386365
8386557
8387312
8387416
8387732
8390122
8390317
8391027
8391370
8392781
8393471
8393602
8394692
8395741
8397601
8399661
8403343
8405843
8405885
8406826
8407259
8407315
8412663
8413048
8414846
8415919
8417387
8417722
8418129
8418374
8419647
8421353
8421959
8422327
8422740
8422873
8424967
8426143
8426412
8426986
8428321
8429574
8429833
8433740
8433858
8434070
8435712
8436351
8436591
8437069
8437312
8438190
8439518
8439780
8440385
8440648
8440727
8440736
8441975
8442148
8442955
8443269
8443486
8444077
8444965
8446384
8447271
8448515
8449673
8451171
8451628
8451939
8452566
8456274
8456664
8457995
8459040
8460827
8461607
8462438
8462900
8463346
8465968
8465981
8466472
8467950
8468366
8472718
8473782
8473887
8475061
8476874
8477571
8480440
8483167
8483786
8485078
8485543
8486163
8486168
8486462
8486893
8487395
8488682
8489342
8489885
8491576
8491717
8493550
8493718
8496175
8497854
8498406
8499685
8500576
8501735
8502979
8503694
8504949
8505544
8506199
8506871
8508667
8509212
8510471
8510742
8511241
8514932
8515178
8515189
8516325
8517029
8517124
8517647
8518138
8518643
8519756
8520341
8520503
8521062
8521829
8523209
8524042
8524126
8525298
8525600
8525615
8527716
8529556
8530286
8530534
8530981
8532341
8533133
8534987
8535095
8535364
8537327
8537625
8539158
8540322
8540774
8542343
8544172
8546385
8546519
8546979
8547669
8547981
8548343
8548462
8548543
8548793
8548798
8549792
8550559
8550872
8551060
8551464
8551877
8551927
8552900
8553245
8553522
8553849
8554013
8554166
8554575
8554976
8555388
8555783
8556948
8557324
8558136
8560220
8560550
8561171
8563710
8565672
8565850
8566126
8567892
8568199
8568369
8570454
8571248
8572309
8573596
8578820
8579290
8579472
8583792
8583947
8586382
8592972
8594108
8595244
8596561
8596782
8597124
8598402
8598528
8599604
8600598
8601525
8601737
8602244
8602797
8605403
8607974
8609050
8610058
8610515
8610729
8610830
8611000
8612263
8612296
8613778
8614363
8616124
8616890
8617696
8618514
8619022
8625184
8625492
8625764
8627569
8627716
8627834
8628492
8628593
8629679
8631138
8631173
8631391
8631842
8633408
8633535
8634752
8635537
8635778
8637271
8638010
8638170
8638605
8639268
8639995
8642639
8643818
8643831
8644558
8645276
8645490
8648652
8649720
8651218
8651377
8655261
8656225
8657593
8659002
8659344
8660098
8660901
8661222
8661528
8664512
8665323
8665740
8667653
8669050
8670100
8671212
8671488
8671909
8671959
8672468
8672695
8673087
8673591
8673626
8673957
8675078
8675361
8675585
8676548
8677885
8678973
8679947
8680782
8684215
8685397
8685892
8686118
8686796
8688787
8691384
8692795
8695086
8695800
8696657
8696899
8697495
8699328
8700173
8701151
8702102
8702651
8702703
8703109
8704086
8708334
8708365
8708603
8710832
8711288
8712773
8713807
8713970
8716393
8716423
8717047
8717967
8722269
8724494
8726577
8727567
8727620
8727830
8728280
8730438
8731529
8731702
8732320
8732976
8733434
8733446
8734188
8734768
8735126
8737290
8737472
8737656
8738176
8738855
8740898
8741552
8743024
8743759
8743988
8744742
8744766
8745755
8746890
8747097
8748181
8750722
8753282
8755632
8755633
8756786
8757059
8761526
8761983
8762121
8762219
8763566
8763677
8763928
8764972
8766880
8767583
8768700
8768871
8769707
8772688
8773982
8774308
8776039
8776847
8781181
8781469
8782516
8782994
8787279
8788466
8788678
8790020
8790301
8791349
8791451
8791542
8792105
8792319
8794160
8796455
8797212
8797608
8800439
8800512
8802274
8803561
8804218
8805018
8805038
8807182
8809155
8810671
8811658
8811687
8812888
8813730
8817551
8818123
8821884
8823273
8823800
8826017
8826625
8826710
8829112
8830690
8831461
8831634
8831911
8832503
8834092
8835086
8835859
8838189
8838939
8839004
8839828
8841703
8842883
8843502
8844956
8846334
8846429
8846480
8847025
8849024
8851583
8852010
8852996
8853339
8853384
8854167
8854226
8854383
8854554
8854572
8856073
8857492
8859096
8859807
8860802
8861713
8861715
8862097
8863127
8864100
8865226
8865302
8865482
8865829
8866113
8866406
8866836
8867109
8867140
8868215
8869734
8870617
8870664
8871437
8871570
8873094
8873111
8873172
8878777
8879155
8879371
8881915
8887025
8887907
8889386
8890204
8891546
8891835
8893171
8893449
8894928
8895794
8897083
8897304
8898515
8899059
8900265
8900295
8901032
8902338
8902485
8904718
8906202
8906366
8909164
8909906
8910384
8912445
8912729
8913031
8913113
8913825
8915188
8917053
8918676
8919208
8921635
8922574
8923146
8924990
8925630
8926569
8928923
8929343
8931407
8931523
8931867
8931915
8932503
8932903
8935201
8936166
8938738
8938932
8939962
8940959
8941619
8943978
8945953
8946321
8946824
8948639
8948789
8949581
8950407
8950652
8951574
8953518
8955668
8956459
8956750
8957348
8958533
8959264
8960590
8961860
8964789
8965964
8966128
8967699
8968154
8968737
8969490
8970261
8970452
8970950
8971986
8973037
8974445
8975236
8978437
8978732
8980058
8980089
8980477
8980674
8980977
8981147
8981235
8981356
8981977
8982282
8982580
8984280
8986396
8987500
8988676
8988746
8989198
8990599
8990781
8990883
8990967
8991277
8991338
8992489
8992690
8993255
8994229
8995101
8996616
8997267
8997849
8999537
8999725
9000040
9000041
9000372
9000544
9001485
9001963
9002045
9002387
9003064
9006300
9008614
9009243
9009700
9011964
9014651
9015526
9016270
9016661
9018042
9018082
9018297
9023542
9024298
9025971
9026159
9026498
9026635
9027853
9029726
9030628
9030937
9031693
9032202
9032783
9033178
9034283
9035561
9036242
9036292
9037159
9038047
9038326
9038326
9038494
9038919
9044877
9045190
9046625
9047796
9047874
9047970
9048901
9050402
9051236
9051342
9053823
9054492
9055018
9060756
9064010
9064680
9065957
9066024
9066528
9067254
9069187
9069297
9069996
9070475
9072209
9072291
9072587
9076683
9076706
9077219
9079895
9079909
9084252
9086150
9088617
9088927
9089945
9089949
9092720
9092729
9092895
9093732
9093903
9095189
9095417
9095974
9098739
9099732
9100216
9104609
9105001
9105116
9105588
9107281
9107993
9109548
9110890
9112763
9114508
9116317
9116344
9118920
9120201
9120686
9121460
9122421
9122536
9123268
9123961
9124086
9125572
9129464
9129748
9130021
9130508
9132447
9132630
9133694
9134701
9136956
9137259
9138030
9138134
9139277
9139479
9141865
9142638
9144013
9144593
9146357
9147224
9147326
9147581
9147768
9147921
9149004
9150416
9151314
9151316
9151646
9151720
9152135
9153033
9153816
9153869
9154066
9154766
9156013
9156608
9156920
9158303
9160013
9160516
9160734
9160753
9161748
9161933
9162198
9162458
9164093
9165016
9166187
9167054
9168987
9169081
9171644
9171853
9172697
9173724
9176179
9176509
9177541
9177606
9177784
9177873
9179196
9179601
9180107
9180881
9181951
9182318
9183997
9184343
9185011
9185305
9185423
9187066
9188484
9189187
9191084
9191262
9191990
9193050
9193511
9193513
9193724
9194788
9196729
9196734
9197115
9198346
9200231
9200457
9200775
9201054
9202086
9203902
9203916
9204694
9205126
9209056
9209109
9209271
9211277
9211451
9214016
9214406
9214423
9214698
9214736
9216169
9217269
9217793
9218194
9218241
9219522
9221239
9223564
9224463
9224894
9227591
9228752
9230393
9230757
9232077
9232291
9232809
9233499
9233935
9234384
9235333
9236077
9236827
9238395
9239991
9241032
9242286
9242505
9244077
9244551
9245410
9245668
9249004
9249959
9250783
9250934
9251281
9251432
9252252
9253218
9255193
9256428
9257163
9257375
9257696
9259082
9259274
9259312
9259693
9260626
9260998
9263393
9263418
9264071
9264635
9265545
9267429
9268177
9268549
9269628
9269639
9270185
9271845
9272948
9275044
9275354
9275700
9275854
9276733
9277614
9280003
9280050
9282250
9282492
9284583
9284906
9285652
9286865
9287887
9288882
9290819
9292453
9292700
9292830
9292975
9295682
9296053
9296866
9297454
9299538
9301527
9301838
9302610
9303272
9303779
9304640
9306677
9307614
9307847
9307875
9310047
9310093
9314643
9314905
9315938
9317111
9317288
9318892
9318918
9319313
9320608
9320802
9321284
9322775
9324906
9326557
9327093
9327609
9329645
9330001
9330042
9330469
9331003
9331159
9332023
9334124
9335229
9337183
9338849
9340215
9340290
9340475
9340810
9341696
9342143
9344297
9344457
9345853
9347210
9348701
9348789
9350521
9351462
9351845
9353512
9356346
9357928
9361124
9361351
9361482
9362377
9363331
9365264
9366490
9369042
9369212
9372389
9374491
9376427
9377180
9378226
9379523
9380032
9380910
9382975
9387605
9387765
9387906
9388099
9388254
9389446
9390042
9391249
9392817
9395604
9397202
9398325
9398418
9398780
9399376
9399980
9400072
9401144
9401553
9403782
9404368
9404431
9404632
9406054
9406102
9406404
9409053
9409573
9409659
9411642
9413904
9414293
9415499
9416052
9416586
9416613
9416839
9417964
9418578
9418583
9418669
9418995
9419367
9420606
9422165
9423769
9424319
9424726
9425414
9425577
9429179
9429883
9430634
9434185
9434723
9435444
9435733
9436120
9437006
9438323
9438724
9439615
9440486
9440717
9441434
9442077
9442359
9444790
9445460
9447188
9448472
9450121
9452608
9453867
9453877
9454473
9456606
9456608
9457252
9458006
9459945
9460114
9460539
9460554
9461458
9464246
9464822
9465097
9465367
9465829
9465829
9466190
9466229
9467415
9468945
9469161
9469256
9469415
9470129
9470148
9470323
9470943
9472241
9472823
9474207
9476646
9477957
9478236
9478316
9479336
9481685
9482251
9482499
9482560
9483914
9484915
9485615
9489358
9490749
9491426
9492423
9493367
9493631
9495440
9496971
9496992
9498157
9499213
9499246
9500002
9500109
9501000
9501266
9502505
9503261
9504846
9504943
9506728
9506869
9507528
9508231
9508282
9509610
9510052
9510493
9511238
9511598
9514232
9515836
9517044
9517369
9517958
9518020
9518717
9519105
9519672
9519928
9520424
9520749
9521964
9523247
9523989
9524739
9526407
9528668
9529025
9529337
9533183
9533869
9534011
9534845
9534917
9535620
9536884
9537158
9537644
9540248
9540734
9541161
9541259
9541712
9542476
9544777
9545773
9546464
9547142
9547524
9548418
9548627
9548917
9549615
9549871
9550197
9557267
9557975
9558608
9558832
9559795
9561725
9561874
9563180
9563805
9563973
9564156
9565065
9566493
9570083
9573087
9573516
9573657
9573832
9574128
9575015
9576377
9577348
9578766
9578999
9580077
9580710
9581221
9583642
9583783
9583946
9586108
9586449
9586498
9587149
9587206
9587776
9588392
9589501
9591103
9592420
9592508
9593751
9593944
9594591
9597386
9597742
9599341
9600100
9601330
9602974
9604803
9605060
9605130
9607843
9608265
9608825
9609698
9610331
9610658
9611052
9611107
9612763
9613551
9615063
9615738
9616432
9616826
9616987
9618813
9619040
9619184
9619270
9619377
9619470
9620730
9621340
9623189
9624505
9624953
9625475
9630863
9631227
9631483
9631731
9632198
9632779
9633764
9634787
9636719
9636841
9638229
9638501
9638784
9639876
9640181
9641320
9641951
9642271
9642343
9642768
9643065
9643352
9643970
9644194
9644861
9646419
9648977
9652062
9652500
9653066
9653329
9653370
9653680
9655337
9656591
9657187
9657357
9657365
9658927
9659683
9659960
9660041
9660261
9662327
9664662
9664711
9665226
9665759
9666892
9669329
9675110
9675228
9675864
9676012
9676511
9677406
9677948
9678443
9679603
9680440
9680531
9681124
9684258
9684914
9685183
9685560
9686655
9687393
9687867
9688284
9689088
9689818
9693082
9694948
9695879
9696091
9696168
9698568
9699111
9699945
9700343
9700868
9702393
9702701
9703231
9703784
9705784
9706024
9706203
9707797
9709390
9709821
9710220
9710270
9711556
9711595
9712367
9712626
9712658
9714264
9714565
9716000
9716184
9717481
9717658
9718192
9721447
9721798
9721921
9721965
9722254
9722634
9724606
9726976
9729289
9729491
9729493
9730826
9733228
9734630
9736341
9736452
9737050
9739638
9741505
9742149
9743056
9743122
9743972
9744456
9745990
9748181
9750248
9750364
9756252
9756681
9757225
9757662
9758421
9758461
9758936
9762027
9762484
9763721
9765511
9766500
9768942
9768949
9772941
9774967
9774976
9775360
9775801
9776286
9776780
9777429
9777531
9778312
9778477
9779465
9779492
9780330
9781738
9785021
9785831
9786136
9786703
9786888
9787009
9788594
9788666
9789198
9790047
9790836
9792539
9795685
9798716
9803566
9803881
9804731
9805639
9806701
9807543
9808713
9808868
9810599
9811489
9811870
9812312
9812480
9812526
9814155
9815414
9816151
9816336
9816797
9817591
9817949
9818855
9819353
9820297
9822145
9823393
9824722
9826435
9827508
9829078
9829313
9830523
9831803
9832708
9833115
9833852
9834014
9834016
9834353
9835408
9836249
9837409
9839115
9840577
9840691
9842120
9842345
9843219
9843759
9844676
9845755
9847008
9848184
9848264
9849428
9850155
9851025
9851134
9851880
9851924
9853429
9854072
9856058
9856645
9857284
9857420
9858109
9862705
9862998
9863172
9863264
9863929
9865733
9868019
9868254
9871071
9871468
9871829
9872881
9876420
9878067
9878241
9880861
9880969
9881939
9884791
9884814
9884989
9885127
9885348
9885815
9885977
9887521
9888089
9888262
9889466
9892407
9892439
9893399
9898000
9899351
9899732
9900208
9900315
9900436
9900464
9900732
9902050
9903051
9903830
9906559
9907759
9910065
9910940
9911706
9912806
9912928
9913220
9916145
9916385
9916442
9916691
9918650
9920927
9921370
9922067
9923390
9923670
9924056
9924824
9925060
9926259
9926367
9927780
9929586
9932266
9932556
9933233
9933865
9934004
9934533
9935691
9937144
9938072
9939032
9939621
9941053
9941075
9946596
9947446
9948324
9951053
9952252
9952784
9954290
9956850
9957563
9958523
9958562
9959097
9959677
9961864
9962154
9962260
9962708
9963531
9963937
9964044
9966689
9968402
9968511
9968920
9969986
9970627
9970723
9973318
9975049
9975240
9978245
9980157
9980409
9982000
9984073
9985199
9985400
9986840
9987732
9988117
9991040
9992214
9992237
9992313
9992793
9993344
9993940
9994515
9996339
9997422
9998570
9999236
