5000
11434
11756
11815
14048
14498
14644
16503
19504
24136
29012
29776
30089
30110
30862
31595
34413
39151
39340
39703
40938
42497
43319
45457
49239
49406
49514
50166
52866
56383
58592
59505
60308
71028
72542
74774
79639
82025
82650
84145
85629
86412
86485
88924
91886
92313
93093
93309
94006
95080
97098
100093
100625
104487
105134
106348
108220
108825
116892
117092
117700
118490
120292
120374
126016
126797
127226
127760
128153
129554
129715
131144
132661
135217
135746
138328
138868
139197
143034
145233
145734
150575
150789
152530
152629
156614
156829
157622
158691
158714
167163
168089
168952
172563
174797
177293
178481
178741
182913
183128
183335
186576
187412
190737
191636
192601
196232
198445
198476
200437
201020
202272
203582
205299
206523
208334
208498
211356
212628
213004
217400
218388
218782
225624
225695
228617
230729
230958
232342
233444
234026
234486
234955
236393
240293
245226
248341
250541
250851
252721
254066
255821
258418
259252
260518
264249
264302
266222
269721
271249
271360
271465
275491
277263
277341
279765
280350
283372
283391
284269
284290
286051
286593
291954
292961
293469
293583
301887
303197
304572
305678
308047
309054
309499
312500
312566
314256
314962
317888
318163
318784
320907
321336
321638
321661
324727
329645
330680
334841
337186
338029
341295
344650
348352
350927
356231
360775
362871
362904
363606
364413
366996
372773
376516
377143
378131
379615
382553
383209
389256
389458
390161
391641
392538
393010
393154
401411
405320
411141
414882
415006
415941
417144
417191
417245
417344
419822
420971
423817
425367
430490
431206
431761
432034
432386
432823
433319
433386
435358
439168
439202
439340
446629
447829
448505
453065
454303
454315
460348
463090
464988
467812
470626
472167
473279
474043
474713
477403
478085
482258
489273
493559
494345
500330
500814
503468
505408
508198
509199
509578
511473
516482
517434
521264
522208
526197
528168
528205
530442
531285
532365
532682
536335
536955
537881
538699
539867
545497
547802
549126
549697
549790
556955
557390
559151
561029
561882
562919
565734
566964
567602
568168
572497
572991
573922
576432
580698
580784
581069
582632
583200
584413
584554
584631
586791
587768
596753
596914
599651
601004
603337
607730
608788
609255
610436
610734
611442
613107
615664
616149
617045
620061
622772
623960
625058
629360
629641
629680
631043
632895
635268
636895
637584
640077
640484
641948
642139
642588
642810
643036
643340
644763
646584
646755
648045
650860
654240
656507
657723
657785
658316
658853
659310
662764
665029
667093
668382
669487
674082
676831
677319
678093
680828
681200
681394
684001
686113
691934
692918
694820
695914
696487
698783
699563
701365
703371
704939
706243
711110
712032
712347
714242
714601
717406
717669
718991
724150
725250
725439
727091
728498
729441
730277
732131
739839
739904
741808
746039
747929
750394
752647
756734
758289
762083
762526
764248
765265
765483
767299
770950
773508
782231
787562
791717
793185
793223
794490
800079
802074
802931
803024
804426
805108
810558
814656
815159
815324
816417
816786
818906
824288
824991
825464
825882
826615
827050
827198
830142
830454
831063
835226
839719
839940
840674
844226
847231
848156
850731
852893
856918
858922
858954
859791
861436
861677
863111
865661
866445
870310
874092
877003
878364
884748
884883
890450
896169
898277
899873
901386
901684
903915
905933
906979
908541
909074
911543
915163
915865
919300
920714
921963
926061
926802
927446
930108
935767
936261
942159
943151
945085
948983
951900
956027
958718
960799
963311
963639
966122
970175
973146
973777
977235
977476
977520
978119
979380
980725
981088
981401
983034
983211
983636
989932
991924
992385
993412
993822
997626
999471
1003320
1006685
1007400
1008657
1011842
1013326
1016266
1016783
1018879
1021236
1021784
1024977
1028176
1029698
1029864
1030110
1031457
1034827
1035762
1035908
1038426
1040514
1042324
1042825
1042874
1046559
1048491
1054384
1056329
1056644
1059247
1059635
1059679
1060174
1060706
1062139
1062225
1062238
1062469
1063392
1070135
1072057
1073047
1074748
1083459
1086625
1089078
1089362
1091878
1092133
1092665
1093059
1094202
1094960
1095904
1102578
1103435
1105483
1106947
1110504
1116104
1117222
1117503
1117738
1122036
1124930
1126754
1128476
1128972
1132712
1140390
1148788
1149962
1155416
1156100
1156293
1157723
1160085
1160694
1165236
1166214
1170082
1171593
1173835
1174451
1183027
1184040
1191135
1195717
1196821
1196911
1197734
1197984
1199309
1205410
1206857
1206967
1208427
1209416
1212550
1213500
1213564
1214327
1221934
1230047
1230626
1236184
1240394
1243724
1246643
1247114
1250815
1252385
1255110
1256167
1268492
1271282
1271975
1273801
1277351
1278277
1278570
1280546
1281510
1282735
1285456
1286443
1289175
1289856
1297823
1302510
1304703
1307629
1308166
1308429
1310175
1310501
1312013
1312186
1314156
1317061
1318295
1321451
1322717
1325709
1328094
1331561
1331823
1334530
1336852
1336868
1337447
1339511
1344576
1344890
1348286
1351118
1352918
1352997
1355504
1356923
1359626
1360486
1366207
1366886
1367997
1369068
1369087
1372069
1373171
1373918
1374232
1375992
1378133
1380618
1381800
1385544
1388321
1388525
1389519
1389622
1395840
1400698
1401019
1403440
1406004
1414170
1415157
1416054
1416391
1417252
1420520
1421512
1423102
1425159
1429178
1429658
1431295
1435690
1435885
1436204
1438235
1445510
1446168
1447918
1448246
1448666
1451016
1459631
1460845
1461085
1465710
1471636
1472877
1473548
1474704
1476746
1483285
1493781
1496087
1496319
1496462
1496463
1496500
1496618
1498385
1499219
1500229
1501657
1502570
1502720
1504025
1508483
1511258
1513845
1515128
1515514
1517491
1518252
1519110
1519925
1520391
1520666
1522889
1524450
1526883
1528385
1528987
1529616
1530848
1531620
1531975
1533096
1534281
1545295
1546913
1549169
1549884
1556429
1558515
1559361
1561431
1562865
1568291
1568475
1568590
1569693
1574642
1577598
1584958
1586973
1587110
1587716
1588231
1589756
1591309
1599345
1602805
1608891
1612037
1612947
1614756
1615110
1615384
1615480
1624923
1627537
1628409
1629525
1633604
1639670
1642931
1644605
1644938
1646352
1647756
1649029
1654417
1654834
1656202
1657467
1662417
1669738
1670468
1671679
1672960
1675752
1675897
1676868
1680290
1681823
1686303
1689972
1692413
1692454
1693770
1695653
1696086
1697652
1699461
1699880
1701609
1701928
1703143
1704949
1715263
1715690
1715872
1716556
1716940
1718280
1719273
1721029
1725220
1726953
1728953
1731228
1734718
1736187
1738466
1739800
1742369
1742868
1743504
1744180
1744449
1744535
1746403
1747625
1752554
1753158
1754647
1754670
1754822
1756188
1759840
1763505
1764476
1765672
1765724
1766068
1766275
1768143
1769180
1771086
1772265
1773022
1777206
1779705
1781432
1783582
1783674
1784373
1788762
1795519
1795735
1795955
1798388
1800817
1801321
1804119
1805786
1807406
1807981
1808005
1809917
1811690
1811824
1814174
1817099
1817337
1819351
1819969
1820735
1825816
1826319
1828162
1831367
1835243
1836751
1837672
1843324
1843997
1845733
1848207
1851939
1852575
1857326
1857353
1857853
1858040
1858361
1861107
1865854
1868054
1868483
1870794
1882384
1884295
1886064
1888216
1889625
1891974
1895664
1898052
1898438
1899480
1904983
1907893
1907940
1910086
1911226
1911465
1912615
1913076
1920625
1922623
1926316
1927945
1929695
1930426
1931436
1934260
1937261
1937376
1939704
1940241
1945116
1954847
1959610
1961808
1966546
1972263
1973119
1978046
1978410
1980468
1984212
1984978
1985043
1986025
1988168
1988195
1990237
1990830
1994898
1998214
1999105
2000567
2002140
2007847
2010638
2011265
2013069
2015313
2015396
2017588
2018667
2021004
2022256
2022774
2023185
2026564
2034373
2035423
2039547
2039868
2040185
2041727
2043165
2044298
2049394
2052003
2052160
2052946
2053780
2059083
2060603
2061903
2063703
2064006
2065565
2067197
2067410
2068288
2069399
2069406
2069887
2073264
2073772
2074414
2076680
2081766
2083658
2083738
2083738
2084852
2086535
2087134
2089419
2089829
2090427
2091117
2092590
2095594
2097635
2098195
2098706
2098998
2103589
2105772
2106159
2113849
2114516
2117316
2117385
2117834
2118821
2122951
2124564
2124983
2127728
2127827
2128037
2131005
2132124
2133468
2136627
2138766
2139116
2139121
2139314
2140706
2141741
2145939
2147248
2149299
2150652
2150874
2150949
2152313
2155076
2155577
2162665
2163423
2164913
2168319
2170503
2172129
2173226
2173478
2173698
2174258
2174496
2180319
2181880
2183808
2184673
2184796
2186522
2188044
2188770
2189490
2190145
2190251
2194350
2194960
2195855
2197397
2198128
2198526
2199405
2200434
2203639
2204115
2204521
2207194
2207832
2217419
2226090
2226501
2229590
2235166
2235579
2240266
2240420
2242641
2244756
2245924
2251275
2254462
2259292
2263488
2264422
2266026
2266441
2268849
2269487
2269730
2269763
2270310
2270740
2271066
2274927
2275234
2276337
2276692
2278839
2278864
2280834
2281099
2281656
2282178
2282879
2289405
2289691
2290471
2291524
2298802
2299792
2299921
2301662
2304102
2304901
2305350
2312691
2314845
2317973
2318971
2319372
2320778
2322985
2323213
2324447
2326785
2327035
2330006
2330224
2331778
2332244
2333126
2336688
2339461
2340336
2340947
2341268
2341781
2351203
2362052
2362411
2363302
2367293
2368591
2369007
2371567
2372211
2376856
2379445
2379903
2385376
2385724
2393623
2394130
2394789
2394842
2396415
2399809
2401582
2402920
2404791
2409486
2412959
2417101
2425363
2426818
2427005
2430570
2431723
2435833
2436379
2439040
2440271
2443633
2451205
2451784
2454930
2457468
2460202
2463801
2466364
2467479
2467581
2468593
2469430
2477525
2484825
2486526
2488381
2488748
2489583
2490456
2491499
2492693
2492869
2494934
2497613
2499783
2502968
2509660
2510991
2511107
2512518
2514323
2515791
2519541
2519729
2526896
2527792
2529279
2530443
2532785
2532952
2533124
2534147
2534463
2539832
2539921
2541257
2542587
2542595
2546980
2551749
2554068
2557338
2561892
2564823
2567805
2570421
2572453
2572916
2573835
2574178
2576523
2580067
2587864
2589051
2591701
2595743
2595856
2597063
2605547
2606479
2607129
2607610
2610053
2613865
2614776
2616604
2619898
2620174
2620193
2622618
2624832
2632507
2633691
2639845
2641091
2641225
2641575
2642313
2645364
2648233
2648461
2648518
2651456
2651551
2651684
2652150
2652504
2653987
2658334
2665674
2667954
2669464
2669669
2670068
2672740
2674244
2675929
2677371
2683953
2684809
2686216
2694077
2697359
2698350
2699131
2703355
2703978
2706863
2707373
2707392
2707507
2711416
2712130
2713059
2713500
2719075
2720656
2721346
2723488
2726746
2728165
2729187
2730669
2735054
2735263
2735476
2737889
2741990
2744384
2744607
2744841
2745700
2747836
2750599
2754393
2757406
2760272
2762344
2763409
2763725
2764126
2767469
2768578
2777467
2777468
2778559
2778881
2779911
2781195
2783309
2784862
2786121
2790339
2790543
2793390
2793874
2796096
2802190
2803436
2808635
2809684
2810773
2813634
2814138
2814571
2814591
2815574
2815751
2817269
2819465
2819515
2819969
2821695
2822694
2823258
2826099
2827401
2828608
2829842
2831334
2831730
2834426
2834694
2835248
2838476
2838627
2839623
2841315
2843074
2844529
2844954
2845132
2849468
2854246
2856139
2856849
2857140
2859560
2863893
2865551
2867451
2868924
2874018
2880446
2880963
2881399
2883807
2887182
2889593
2890595
2890713
2891122
2893114
2896992
2900503
2900676
2902978
2903830
2907363
2908457
2908771
2916584
2922736
2923786
2924481
2925241
2926681
2929539
2932743
2933157
2935993
2936664
2937947
2938086
2939040
2939598
2944870
2945915
2948914
2949573
2952014
2952902
2953261
2953966
2955727
2956894
2957192
2957552
2960579
2965281
2965502
2965707
2966112
2967542
2970044
2971140
2977675
2978886
2979241
2981769
2983183
2985646
2989081
2989695
2995561
2996831
2998364
2999403
2999431
2999485
3001280
3001990
3012477
3013745
3014921
3022272
3024831
3027191
3034819
3034822
3034986
3038106
3039062
3039154
3041138
3042708
3050397
3050829
3050853
3051153
3051420
3055282
3060987
3061644
3066521
3067464
3069193
3075434
3086685
3088854
3092614
3093007
3094016
3094555
3101454
3102920
3103629
3107246
3108348
3109449
3111535
3115655
3116749
3117929
3120318
3121138
3122712
3124890
3128145
3128661
3130563
3130614
3132872
3135365
3136781
3139603
3141569
3141658
3141774
3144157
3144239
3144910
3144966
3148013
3153403
3154974
3161003
3167392
3167613
3173267
3174121
3176637
3178546
3182341
3183387
3186829
3191434
3194902
3196314
3197351
3197419
3198473
3199829
3202791
3204532
3207342
3208029
3208062
3208283
3209279
3211481
3211547
3211567
3212478
3213482
3216063
3221549
3226645
3227769
3231128
3234669
3235305
3238193
3240986
3241348
3243804
3244398
3245763
3246316
3251657
3254768
3256904
3258210
3258966
3259115
3259359
3260257
3260711
3262354
3264571
3264883
3268478
3268525
3269219
3284674
3285335
3286309
3287157
3287724
3289562
3290465
3291073
3292005
3294910
3301998
3303865
3304340
3307723
3310281
3310833
3312755
3313005
3313459
3315438
3317151
3317253
3318405
3319182
3322559
3323160
3325078
3329729
3330753
3331502
3333397
3339223
3339813
3344204
3345987
3348025
3350240
3351590
3356434
3357196
3359385
3360314
3366272
3366852
3368910
3370572
3371858
3372269
3372547
3376173
3377363
3377456
3378751
3378827
3382474
3383501
3384267
3388877
3389596
3390041
3392099
3392393
3394792
3395949
3402781
3405260
3406950
3407200
3410383
3412176
3412978
3416304
3416450
3421020
3422274
3424221
3425239
3426443
3427589
3429024
3429866
3433075
3433363
3435317
3442480
3444448
3447625
3447827
3452743
3455797
3457983
3458997
3461548
3462068
3462082
3463233
3464834
3465531
3465551
3467006
3467322
3468534
3469818
3472351
3474136
3475521
3475712
3478549
3480669
3481225
3483294
3485691
3486545
3489600
3489732
3492845
3494477
3494480
3494833
3497759
3497970
3499744
3500977
3503911
3506632
3510195
3515150
3515187
3517161
3517289
3517523
3518810
3519428
3520971
3521172
3528313
3528677
3528852
3534313
3534459
3535301
3539352
3541322
3542601
3543466
3543974
3547223
3550935
3553877
3554258
3556165
3556193
3558322
3560311
3564165
3565569
3570331
3571444
3572166
3573452
3575530
3577559
3580483
3580941
3587041
3588631
3588925
3592239
3595584
3599002
3600065
3600272
3604973
3609417
3610225
3611476
3611560
3613605
3614067
3614275
3614616
3617500
3621909
3622777
3625241
3630002
3630483
3633121
3634463
3638835
3644842
3646557
3648714
3649578
3649653
3650188
3655449
3658643
3658936
3662302
3663046
3665932
3670791
3672610
3673769
3676125
3676426
3676647
3677910
3677915
3678413
3679191
3679535
3680291
3680829
3692077
3693752
3695170
3696407
3697206
3698266
3702821
3705106
3706336
3706642
3707424
3707780
3710832
3712981
3715185
3718946
3719092
3720593
3722919
3723491
3723504
3725007
3725476
3728324
3728511
3732911
3736819
3749230
3749459
3751146
3753469
3757503
3757524
3757594
3759417
3761196
3763091
3764222
3764687
3765411
3769201
3769981
3770408
3772072
3774742
3777454
3777558
3779347
3781990
3782654
3782864
3786714
3788542
3793294
3794550
3795755
3797208
3802870
3803023
3804172
3807349
3807519
3808944
3810939
3811072
3818610
3822465
3825688
3829263
3829801
3831716
3833142
3833576
3834004
3834890
3835677
3836122
3838446
3838481
3839248
3840696
3840758
3844017
3844466
3845439
3847146
3849642
3854176
3855395
3856133
3857964
3861028
3861317
3861424
3861593
3862375
3862761
3863380
3865609
3865610
3867550
3869015
3872819
3873131
3874193
3874358
3876525
3876918
3878054
3878246
3880083
3880454
3882052
3882517
3887060
3888676
3890335
3893080
3894705
3898096
3899058
3900110
3905003
3907792
3911238
3912167
3912358
3914947
3915180
3917562
3921080
3922160
3924419
3925130
3925306
3929253
3932524
3932692
3937127
3937287
3937871
3938440
3938662
3942547
3945140
3946791
3948222
3951653
3956670
3958305
3961839
3963638
3966861
3969320
3969698
3973004
3973416
3973662
3976414
3981564
3981751
3984063
3984840
3984998
3991084
3992238
3993337
3996196
3999427
4000360
4001058
4001612
4007229
4014341
4014555
4016531
4017246
4017797
4019716
4021668
4024107
4025031
4025675
4026181
4027831
4030958
4032823
4041465
4042672
4047801
4050909
4057186
4059089
4059213
4060665
4061854
4061966
4062015
4062202
4062432
4064526
4065985
4072642
4073155
4075604
4076841
4076905
4080112
4081203
4083921
4084596
4086550
4091219
4091327
4097965
4099057
4099560
4101476
4101738
4101885
4102110
4102353
4102687
4109525
4112448
4113702
4115316
4115914
4117970
4119809
4121353
4125794
4127310
4128562
4129100
4134704
4137092
4138301
4143573
4144200
4149723
4153527
4154907
4157364
4159075
4160305
4160696
4162374
4166197
4166612
4168152
4169092
4170931
4175053
4176583
4177714
4178551
4178843
4178933
4182217
4183131
4186981
4187433
4191545
4192804
4192820
4195600
4197504
4198045
4201078
4202571
4208837
4212415
4215113
4219679
4221513
4222658
4225849
4226688
4227373
4229942
4230017
4231536
4232617
4233642
4235798
4239559
4239958
4241726
4243128
4243356
4246517
4248167
4249709
4251780
4255959
4256519
4257351
4259100
4260821
4261327
4262132
4270760
4272785
4273094
4276197
4279268
4279425
4280176
4283185
4286255
4291212
4293479
4296303
4299957
4300988
4302058
4304763
4305496
4311361
4311587
4311825
4323077
4331803
4332615
4333910
4341655
4342890
4346312
4347110
4348234
4348514
4348722
4353075
4353443
4356841
4358371
4360004
4360074
4361398
4369331
4373287
4373485
4374089
4374800
4375774
4379156
4379378
4380547
4391173
4400052
4401949
4402454
4404438
4406479
4407432
4409546
4410136
4412515
4414276
4416089
4418893
4419419
4425745
4426138
4426299
4426437
4429064
4430435
4430922
4431936
4433149
4433383
4434454
4435126
4436021
4436398
4437620
4439868
4441467
4442262
4444720
4444735
4444849
4449739
4449893
4452265
4456139
4459367
4465483
4467918
4473016
4473601
4476335
4478631
4480321
4483723
4485215
4488159
4489071
4489209
4490090
4498148
4501053
4502920
4502930
4503662
4505150
4510982
4512220
4512863
4514039
4515151
4516931
4517118
4517542
4518321
4518746
4523717
4526970
4527908
4528491
4528640
4529549
4529626
4533895
4540219
4540291
4545555
4546331
4547433
4551200
4552057
4559101
4559400
4563321
4565227
4570210
4572949
4573243
4575894
4576241
4580775
4583482
4584575
4585794
4588416
4591377
4593315
4598173
4600480
4601055
4601736
4602267
4605519
4606041
4606214
4610239
4610339
4614170
4614189
4615045
4615882
4620296
4623825
4625950
4628328
4638128
4639137
4639386
4642643
4647111
4648680
4651652
4652763
4653098
4654964
4656248
4659175
4659735
4659947
4661259
4664051
4664158
4670088
4670369
4671069
4671928
4681306
4685751
4687749
4693319
4695053
4698531
4699675
4699708
4701478
4705222
4708182
4711490
4712870
4712979
4713698
4713821
4714922
4716736
4717570
4720930
4721548
4721965
4724213
4726514
4727936
4730278
4733402
4738224
4738413
4740089
4744586
4745136
4745256
4750604
4751326
4752044
4752122
4752594
4753307
4754010
4758566
4758804
4760863
4760878
4762460
4768240
4770809
4771308
4772137
4772366
4772930
4773921
4774616
4774725
4776515
4783717
4787355
4787846
4793662
4794634
4794671
4794886
4799227
4801468
4805421
4813781
4817398
4818139
4825481
4825558
4827117
4829208
4830117
4830338
4830478
4830588
4832082
4837901
4839902
4842209
4846140
4847727
4848574
4849560
4850188
4850755
4851642
4853237
4855228
4856508
4859112
4859701
4860077
4860152
4860794
4862585
4864621
4866345
4869540
4869826
4870305
4870957
4872157
4874565
4876136
4881076
4881920
4883474
4883832
4884929
4885495
4888753
4894744
4898107
4899208
4903325
4905878
4911514
4913278
4914411
4915232
4915646
4921220
4923174
4924570
4925212
4925298
4926379
4926687
4927982
4928152
4930888
4931237
4932014
4938137
4939856
4940655
4944920
4945666
4949710
4950505
4950738
4958661
4963245
4964572
4967328
4967469
4968236
4970633
4975904
4976297
4978196
4981423
4986124
4989241
4990442
4992573
4993180
4993835
4994872
4997303
5000568
5001345
5007105
5007187
5008345
5013015
5013549
5018114
5021183
5021925
5025164
5028620
5028922
5029221
5030510
5034512
5035472
5037483
5037924
5039445
5039485
5042771
5043575
5053532
5055586
5055913
5057483
5060749
5066372
5067174
5067703
5068831
5073945
5076622
5078428
5079190
5079276
5081001
5085808
5089119
5089644
5093169
5094674
5096533
5096672
5099998
5101167
5102901
5102990
5103734
5106511
5109540
5112048
5112712
5115042
5115757
5117435
5120202
5123335
5129125
5129575
5129891
5133607
5134223
5134647
5134661
5135292
5137037
5137867
5138762
5139989
5141064
5141529
5141864
5142738
5144799
5145879
5146497
5147758
5149425
5166433
5167354
5168486
5168664
5170372
5170448
5170732
5176010
5181400
5184449
5184927
5189432
5190753
5191837
5191906
5195296
5196655
5196994
5197429
5198836
5199613
5199864
5201964
5202018
5203612
5203713
5209842
5212938
5214770
5214946
5215742
5216526
5223107
5225278
5226721
5226831
5228164
5228909
5230854
5232894
5238493
5240435
5243360
5250453
5251233
5251534
5252441
5253762
5254175
5254740
5257121
5268561
5270004
5270800
5272575
5273357
5277025
5281961
5283477
5287485
5287803
5288074
5288553
5289797
5290204
5294585
5295200
5296557
5296757
5297597
5301001
5304850
5306455
5311161
5311550
5315785
5315988
5316389
5319001
5320964
5323113
5324050
5327405
5328623
5331293
5331430
5333557
5336425
5336945
5342075
5347796
5349484
5353610
5356338
5357242
5358163
5359267
5359480
5360569
5361145
5361549
5368773
5373555
5375952
5376146
5384842
5384869
5385940
5392221
5399379
5399940
5402738
5405141
5408701
5419995
5428087
5431650
5433039
5433349
5436627
5439342
5440594
5443318
5446846
5447445
5447918
5448843
5450254
5452887
5453276
5453452
5457297
5458455
5460577
5461355
5461446
5462973
5463182
5465519
5466666
5468164
5468988
5469780
5470788
5470985
5471097
5471254
5475255
5476754
5480294
5480710
5480711
5482008
5485304
5485887
5486654
5488379
5489578
5490569
5492790
5499303
5504568
5505166
5505754
5511382
5515167
5516294
5517700
5517846
5519986
5520087
5523712
5524757
5528679
5532226
5535050
5537518
5541145
5541996
5547744
5548974
5550624
5551658
5553076
5556780
5556799
5557621
5557969
5560194
5563193
5563937
5566564
5568404
5569409
5574090
5574829
5575377
5576957
5577128
5580438
5580718
5581443
5581707
5582531
5583561
5585941
5587873
5589589
5590072
5590244
5597218
5597686
5601230
5603463
5604126
5605357
5605809
5606834
5607164
5608051
5610856
5613469
5613691
5615716
5617582
5624453
5625136
5625791
5627235
5627686
5627952
5640034
5640495
5641255
5641446
5645692
5652824
5654041
5654097
5654725
5656455
5664429
5671253
5678241
5678587
5679972
5680396
5680949
5681541
5683776
5684401
5684941
5688516
5688540
5689786
5689848
5697824
5698974
5699774
5701394
5703526
5705950
5706116
5706210
5707116
5709910
5710332
5716940
5717500
5720702
5720913
5721632
5723017
5723310
5724252
5729806
5730071
5730189
5731260
5734338
5735511
5737538
5738054
5746597
5747188
5747496
5747628
5751470
5753208
5754140
5758530
5761734
5761912
5762220
5763185
5765322
5768512
5770482
5771916
5772910
5774151
5775767
5779762
5783778
5783985
5786129
5789716
5789846
5793741
5794238
5796448
5797403
5798801
5799849
5801358
5801539
5803102
5806626
5807568
5807920
5812343
5813963
5815510
5816271
5818980
5821816
5822029
5822599
5824068
5825840
5827060
5828187
5829003
5831645
5832132
5838735
5838836
5840190
5840508
5841344
5846964
5848709
5848938
5849212
5849618
5850867
5851676
5852078
5852262
5853080
5854714
5854917
5855867
5856822
5859636
5862996
5870054
5873530
5876701
5876823
5878789
5879940
5880543
5882885
5885488
5886754
5887244
5890233
5891298
5891776
5892337
5892596
5894481
5894843
5895551
5898205
5898864
5899579
5905000
5905266
5906527
5910580
5911895
5914546
5915091
5916744
5919219
5919416
5924655
5924816
5925616
5930449
5931233
5943145
5948568
5948657
5954695
5954931
5954945
5956551
5958236
5958240
5960664
5961399
5962681
5964500
5970364
5972159
5978486
5981094
5982267
5983067
5984971
5988263
5990191
5991057
5991912
5993213
5993264
5993303
5993644
5995068
5998639
5998706
6001097
6001925
6006389
6007951
6008573
6008950
6010397
6010881
6011350
6011845
6012577
6012679
6013152
6013784
6014754
6015468
6016922
6017908
6022423
6024221
6025801
6027943
6030178
6031668
6031910
6032453
6033849
6036534
6036671
6036703
6037964
6038484
6040730
6040791
6043091
6043244
6044818
6045487
6047803
6049146
6049825
6050346
6051943
6052164
6052590
6054433
6056880
6061463
6062069
6062235
6064001
6069449
6070395
6072865
6074252
6077085
6082212
6088307
6088651
6089301
6090394
6092584
6094686
6094823
6095102
6095721
6096895
6097815
6098230
6101015
6101623
6102173
6102247
6102745
6103329
6105620
6106501
6107246
6107397
6110258
6112463
6113090
6113090
6113947
6114118
6114329
6116106
6121977
6125936
6127811
6128412
6129535
6130295
6130602
6134586
6135515
6138145
6138610
6141282
6141827
6142765
6143068
6144102
6144452
6145030
6152277
6153271
6153822
6155463
6155761
6157573
6159496
6162901
6163655
6164336
6164530
6166384
6171938
6177635
6178199
6183807
6183867
6184903
6185975
6186012
6188327
6193828
6194262
6197494
6199382
6199940
6200560
6201432
6203522
6204630
6204834
6205014
6207094
6211927
6213885
6214231
6217081
6219380
6222603
6222702
6225506
6231855
6232242
6233261
6235484
6241306
6242742
6244151
6244218
6247982
6248870
6249586
6251103
6251119
6252741
6254888
6256561
6258383
6259686
6261455
6265232
6266204
6268757
6270170
6271206
6271759
6275671
6282173
6282906
6285307
6287581
6290715
6292088
6294372
6294525
6297212
6299367
6299945
6300285
6300609
6301069
6303212
6304135
6304188
6304837
6310760
6311869
6312336
6316663
6318605
6328273
6329759
6330326
6331933
6333696
6336283
6337483
6344467
6344530
6348001
6353928
6355070
6355564
6356070
6356975
6365187
6365935
6369457
6373836
6374650
6374811
6378903
6382196
6388012
6388533
6390101
6390304
6391356
6391772
6397392
6398063
6404362
6404967
6406527
6414736
6421050
6423682
6424555
6430005
6432048
6436469
6437509
6439722
6439855
6441734
6443615
6447880
6451466
6454339
6455491
6457506
6458338
6458968
6460447
6460564
6461535
6463966
6467209
6467366
6470454
6472124
6472532
6474404
6475623
6476754
6478497
6480078
6481119
6484317
6485729
6489196
6491182
6493356
6496287
6501434
6501737
6502584
6502858
6505200
6512574
6514124
6515666
6516432
6518168
6521447
6521613
6521777
6521855
6522650
6528499
6532692
6536884
6537231
6538126
6541422
6543856
6544347
6544827
6551457
6553511
6555116
6556466
6556766
6556877
6561112
6561202
6561490
6571905
6575377
6575637
6575770
6575998
6576150
6583410
6586448
6586855
6587620
6588701
6589533
6592000
6593288
6594047
6595710
6598178
6600468
6604862
6605494
6606538
6606669
6607286
6607525
6608423
6616898
6618644
6621077
6621273
6623631
6626365
6633894
6636934
6644745
6645324
6647196
6653492
6661474
6661772
6662001
6663614
6676083
6677855
6681466
6681483
6681982
6685805
6686331
6687318
6687386
6687512
6687863
6689830
6691425
6692674
6692684
6693617
6696781
6697556
6698102
6700970
6701674
6701745
6705744
6714765
6714859
6717119
6717939
6719618
6719934
6721798
6722291
6723158
6724885
6726431
6727463
6727563
6730131
6732122
6734293
6737844
6739068
6739322
6739987
6740738
6745838
6748179
6748456
6750320
6752872
6754864
6759069
6768761
6773266
6774564
6775009
6777616
6777935
6779069
6781006
6781733
6781892
6783508
6787842
6788125
6788245
6788685
6792115
6793109
6797053
6798969
6803640
6807906
6811045
6812999
6815034
6817584
6821508
6821619
6822790
6826441
6827089
6827599
6828635
6830142
6831845
6836340
6836613
6839242
6840787
6843131
6843639
6846824
6847314
6848718
6853046
6854272
6855211
6856845
6857084
6860275
6862404
6865245
6866306
6872076
6889826
6892029
6892145
6893086
6898061
6898121
6900842
6903120
6903572
6903949
6904315
6905828
6906754
6906763
6908792
6908953
6910005
6917799
6919998
6920776
6921046
6921334
6922831
6923245
6926825
6931777
6931883
6933164
6934635
6935966
6935993
6936558
6937097
6937517
6937674
6938412
6938709
6941078
6942333
6944326
6945071
6945844
6945999
6946654
6948339
6948657
6955342
6956304
6957727
6961193
6961409
6963947
6964844
6965849
6966664
6968724
6970276
6971712
6971939
6976637
6983463
6984113
6991086
6994232
6997439
6998348
6999966
7000375
7003572
7006367
7008067
7008411
7011195
7011643
7011919
7012924
7013236
7014607
7017081
7025285
7028015
7030318
7030434
7036459
7036580
7037448
7042646
7043822
7044587
7048770
7055160
7055911
7065185
7075413
7075910
7077854
7078783
7079522
7082720
7082887
7085215
7093547
7096566
7103171
7103379
7103472
7104156
7104186
7105364
7105589
7108686
7115267
7116738
7121957
7126985
7127361
7137925
7142781
7146276
7148511
7152162
7152431
7154054
7155962
7156565
7157282
7161863
7166044
7166230
7166643
7167648
7168750
7175013
7175850
7177098
7178957
7181422
7182573
7188041
7188145
7191030
7192125
7194901
7194914
7195279
7196171
7197946
7198483
7203164
7204933
7205803
7206658
7212757
7213609
7216268
7216495
7218161
7219724
7221479
7222581
7223222
7224800
7225075
7226324
7226476
7227158
7227183
7229528
7232582
7232891
7235529
7235711
7236720
7237581
7244014
7244536
7245605
7246801
7248803
7250339
7250717
7251734
7252735
7253800
7256346
7258032
7260674
7266753
7274278
7279048
7280609
7280667
7280727
7281480
7283068
7286837
7290915
7293127
7293633
7296406
7297249
7297700
7303334
7307132
7308628
7310638
7313432
7315450
7317924
7318119
7318552
7318626
7320341
7321182
7331631
7336573
7338589
7342952
7345723
7347680
7348058
7348417
7348648
7348939
7350743
7351034
7353950
7355340
7356754
7365811
7368473
7369905
7375897
7376285
7376515
7377035
7377944
7378572
7379074
7379202
7381770
7382144
7384874
7385323
7385855
7391611
7393414
7393992
7394967
7396395
7397055
7397951
7398246
7399607
7400780
7402824
7403846
7404421
7406500
7406658
7407751
7413436
7413893
7417816
7419125
7420757
7422132
7422777
7423265
7427239
7428673
7429171
7430374
7432304
7432753
7434753
7437699
7438427
7440723
7444349
7444677
7447549
7448243
7450439
7451085
7451231
7457775
7459571
7461002
7462486
7464427
7465478
7466448
7468902
7469252
7470957
7471447
7473689
7475513
7475646
7476345
7476541
7478854
7481802
7486366
7487994
7488486
7492303
7494082
7494787
7495914
7496988
7497833
7499478
7503084
7505641
7507357
7512501
7512717
7516093
7516239
7516461
7518477
7519490
7521156
7523422
7524773
7526697
7529134
7529761
7530559
7535609
7538661
7539473
7539859
7542464
7544623
7545844
7549482
7552889
7553164
7557599
7558959
7559511
7562528
7562927
7567327
7570006
7570176
7573188
7578362
7586101
7587138
7587991
7591182
7592747
7592765
7594509
7596970
7597007
7600215
7603384
7604584
7606079
7607922
7608687
7611121
7611816
7615394
7616384
7631647
7632440
7633594
7633650
7634624
7639494
7639963
7641256
7641740
7642895
7644702
7645301
7649774
7651563
7652039
7654303
7657636
7659053
7660135
7660410
7660921
7660935
7662508
7664812
7666408
7669497
7674614
7676425
7676594
7677995
7678034
7679146
7680166
7683367
7687070
7687979
7688234
7688387
7689585
7689614
7692538
7692624
7694381
7696051
7698368
7700702
7703646
7705939
7706855
7707359
7707741
7715124
7715265
7719592
7722098
7723143
7723633
7723859
7724406
7725188
7725390
7726824
7730816
7732520
7734907
7737025
7744361
7744940
7746966
7747777
7749188
7749598
7751267
7754524
7754751
7758292
7760591
7760622
7767233
7767298
7767863
7774691
7775521
7777487
7777663
7781113
7781255
7785512
7787349
7787959
7789418
7789994
7791489
7793558
7797455
7799112
7801607
7801713
7803004
7806616
7808615
7811247
7812216
7813719
7814855
7815106
7817105
7818397
7820910
7821086
7822019
7822991
7823329
7825808
7828204
7835430
7838101
7844237
7844636
7846013
7851672
7852337
7857424
7858635
7858737
7859227
7859933
7860363
7865576
7867180
7867804
7870467
7873657
7873682
7874107
7874518
7874943
7875808
7880665
7881208
7883006
7884825
7888661
7889346
7892918
7895533
7897603
7899057
7903604
7905243
7905381
7905521
7908241
7908666
7911798
7917192
7919647
7920961
7921578
7921599
7921646
7929937
7931508
7932447
7934712
7935811
7939859
7940481
7940942
7944737
7945519
7947352
7948181
7948598
7959352
7968742
7969056
7969385
7969981
7971064
7972252
7974203
7976588
7976869
7977033
7978381
7978769
7979017
7981463
7981561
7984862
7987775
7988188
7990143
7993068
7993947
8002082
8006043
8006780
8008044
8008496
8009418
8009886
8010866
8011612
8012369
8012612
8015316
8015862
8019398
8022716
8022922
8023493
8028420
8029051
8030757
8034851
8036708
8037574
8039571
8040117
8040594
8040808
8042065
8043989
8048680
8049163
8059624
8059767
8064184
8064549
8064632
8066510
8069450
8080355
8082788
8083450
8087431
8093059
8094622
8094804
8094836
8096485
8096744
8097921
8098075
8103484
8103598
8105729
8108703
8110060
8110062
8110258
8112610
8113079
8114623
8115383
8117448
8120024
8121072
8122680
8122867
8127088
8130505
8131223
8133952
8135072
8135622
8138301
8139331
8141463
8141771
8142881
8143157
8147764
8150297
8151260
8153127
8158031
8161888
8166811
8167154
8169297
8169434
8170003
8170247
8171770
8172832
8180104
8183700
8185761
8190950
8198610
8199195
8200573
8201010
8202295
8202649
8203865
8203874
8204762
8205678
8208811
8208853
8212815
8214002
8219852
8225838
8226716
8227441
8227914
8228188
8228576
8229119
8231377
8231892
8233006
8234043
8234693
8237612
8239449
8241217
8243413
8246237
8246332
8250316
8250443
8250650
8251256
8251391
8256292
8258203
8259517
8259658
8260638
8261615
8265149
8268433
8268892
8270059
8272285
8272746
8272952
8274477
8274867
8275584
8281257
8282015
8282090
8282657
8285089
8285240
8288215
8290650
8290715
8299508
8300559
8300716
8302797
8309452
8309680
8310994
8312251
8317389
8321890
8324891
8329724
8331249
8335459
8335625
8335951
8337698
8340788
8341080
8341908
8344760
8349717
8349740
8349770
8349789
8350271
8354595
8356342
8357782
8358809
8360619
8362979
8363910
8366861
8367293
8370957
8371254
8374374
8376605
8377060
8380539
8381831
8383904
8384746
8385286
8388885
8390240
8391118
8393449
8396606
8400834
8402982
8403115
8404409
8406065
8407470
8407656
8411050
8412055
8412072
8412722
8412970
8413523
8416151
8416410
8417528
8418468
8419889
8419891
8421133
8424684
8425238
8425816
8427065
8430404
8430706
8432224
8434766
8434899
8439383
8444189
8444565
8450882
8451249
8451457
8453180
8453192
8454189
8455389
8465812
8468852
8469791
8470572
8470655
8471247
8475867
8476581
8478143
8480282
8487884
8489025
8493059
8497797
8501265
8502118
8507538
8510189
8510836
8516307
8518490
8520947
8523427
8525906
8526118
8528123
8530513
8532858
8541415
8544534
8545219
8545570
8554319
8558137
8559539
8561010
8566314
8568500
8569129
8569350
8572079
8572614
8572663
8574310
8580142
8580425
8581221
8582461
8582572
8584465
8584490
8584509
8585679
8586428
8587186
8588728
8592089
8592355
8592947
8595366
8603529
8605271
8605560
8607094
8612586
8613259
8619843
8619940
8620157
8620405
8621473
8622168
8623166
8625626
8633398
8633957
8637821
8638036
8639676
8640205
8641028
8644780
8651181
8657602
8658349
8660349
8665684
8666049
8667538
8671485
8672136
8673953
8680995
8681412
8685555
8687869
8691193
8691785
8697453
8699639
8699972
8705677
8708753
8709788
8710413
8715278
8717430
8718075
8718616
8720293
8720663
8725512
8726782
8728973
8731738
8733441
8735374
8740929
8741260
8742568
8743373
8749475
8751753
8755282
8757070
8757754
8757937
8759365
8759433
8759571
8764667
8768992
8769359
8770452
8771651
8773453
8776550
8782391
8787988
8789917
8795484
8798369
8798711
8806857
8810479
8814804
8820479
8822126
8826420
8831503
8832285
8834132
8836412
8836660
8838378
8838792
8839305
8839505
8840119
8842811
8845213
8846654
8849612
8849892
8851462
8851954
8860642
8861297
8864697
8866386
8868520
8869813
8873425
8874325
8874790
8877273
8877727
8878001
8880001
8882013
8882362
8884859
8885202
8885527
8889821
8890791
8893738
8895844
8901466
8903364
8904010
8904054
8906078
8906631
8907506
8916751
8918709
8919506
8919741
8921529
8923457
8923473
8925593
8927933
8930919
8933083
8934219
8935195
8936101
8936172
8937263
8939026
8940217
8943807
8946705
8946787
8950636
8953219
8953724
8953781
8954119
8956381
8956627
8956637
8958745
8965975
8967385
8973958
8974391
8975237
8976137
8977930
8978877
8978950
8979233
8979306
8979380
8983709
8983762
8985637
8985675
8986697
8990001
8990974
8991401
8992431
8993950
8994580
8995110
8995837
9000722
9001770
9002118
9004207
9004714
9007899
9008940
9011923
9016340
9021754
9024637
9027616
9028996
9032119
9032710
9033442
9034077
9036420
9037430
9039904
9041748
9048169
9050160
9051933
9051953
9052710
9053916
9054120
9062053
9063007
9063854
9073933
9074621
9080363
9080898
9084012
9085700
9088363
9088494
9089623
9089864
9093709
9096473
9096794
9098299
9103296
9103470
9105274
9107412
9108220
9115059
9115592
9116917
9117877
9118427
9123124
9124188
9126936
9127586
9127986
9128626
9129011
9130201
9139811
9142077
9143676
9144140
9146538
9147948
9148811
9149140
9150231
9153045
9165669
9168490
9169356
9169616
9169885
9170579
9172930
9174308
9175353
9176554
9180816
9184490
9186531
9187203
9187877
9190073
9191272
9192070
9195659
9199544
9203074
9212986
9216414
9216530
9220823
9221711
9222844
9226965
9228923
9230467
9233055
9234941
9236148
9237720
9243587
9243804
9244985
9248784
9250310
9251314
9253731
9254873
9256897
9257089
9257211
9257794
9258996
9259567
9261646
9262924
9264141
9266467
9270978
9272847
9276656
9282153
9287597
9287899
9290231
9291099
9291663
9292308
9293267
9293791
9296134
9297208
9299064
9303871
9306149
9308456
9316720
9316930
9317791
9318243
9320001
9320139
9322613
9323159
9326969
9327347
9330877
9332773
9335090
9341062
9343220
9346125
9348492
9350519
9355783
9356259
9356712
9359657
9363035
9366093
9366530
9368710
9370920
9370964
9371674
9371732
9372921
9374472
9378055
9379505
9381863
9384425
9386368
9388011
9390459
9390511
9392143
9395206
9397025
9403251
9403272
9405895
9410687
9413767
9414782
9416454
9416719
9420150
9424749
9425779
9426698
9427959
9429433
9434315
9438260
9441016
9442171
9444113
9444513
9444728
9447078
9447758
9449571
9450536
9453514
9454459
9456139
9456883
9458737
9460401
9460669
9460977
9462590
9467409
9467455
9469168
9473295
9475794
9477874
9483446
9488476
9491083
9494682
9496818
9498360
9499320
9499838
9500460
9501300
9504167
9504515
9504579
9512804
9513237
9516173
9519178
9519457
9520604
9525988
9526322
9529557
9529949
9534887
9536517
9543632
9549475
9550325
9550362
9551920
9552176
9552748
9554762
9557400
9558638
9558965
9560322
9560503
9568089
9568144
9568233
9569920
9570718
9571129
9571326
9571941
9571962
9573334
9573977
9575455
9577073
9579195
9581004
9586919
9587445
9590802
9591794
9592116
9593284
9593927
9594621
9595659
9597472
9597769
9600010
9600263
9600762
9604129
9605452
9607586
9608273
9611116
9613346
9615666
9624352
9624368
9627246
9627870
9630415
9630747
9631288
9633558
9634444
9636351
9636514
9636982
9640784
9641025
9642715
9644223
9644544
9646589
9650298
9650600
9655436
9657148
9659090
9659243
9660025
9660955
9661938
9662138
9668702
9670017
9674263
9676272
9680029
9682205
9682655
9682831
9682953
9683286
9685110
9689171
9691968
9693441
9694418
9694945
9695960
9701644
9704946
9707178
9707943
9712110
9712451
9713727
9721280
9723752
9724103
9725572
9725863
9726089
9733067
9737493
9744814
9745020
9747593
9748900
9759204
9759630
9766603
9768089
9772405
9772507
9772685
9774218
9777401
9778137
9781545
9783988
9789274
9792766
9798045
9798316
9801230
9801793
9802628
9803243
9805372
9805720
9805936
9813667
9814180
9815901
9819962
9822484
9827041
9827446
9827806
9828358
9829971
9832474
9834099
9834826
9836165
9839918
9840329
9842598
9847613
9848128
9848968
9849371
9855120
9856744
9857380
9861545
9862242
9862879
9865208
9869134
9869532
9869688
9870199
9873115
9875090
9879088
9881248
9882384
9883732
9887026
9892643
9893670
9893693
9894397
9896341
9900232
9903745
9905127
9906560
9907867
9914348
9914955
9916676
9918607
9919395
9920661
9936439
9938572
9940328
9942809
9943315
9943706
9944319
9945629
9945795
9946378
9949691
9952553
9956861
9959096
9959294
9960652
9960851
9962552
9962633
9962695
9963155
9963880
9969392
9969994
9973137
9975022
9978317
9979459
9979842
9981123
9982079
9983069
9984180
9985287
9985815
9986087
9989381
9989913
9991710
9992695
9992855
9992986
9997371
9998753
9999941
