1000
16292
19931
24564
28376
31989
33887
38373
43572
54997
60348
67507
82852
88980
98792
107802
108239
142971
153856
161716
180107
187463
191318
191413
203994
207372
208390
209757
212682
216798
220436
223026
223986
236374
237900
243733
249807
258204
262309
276056
293935
294752
306452
311967
328871
342763
343909
345799
356321
357029
357099
361865
362393
373799
388044
399346
432331
433480
433508
439188
445358
445363
471872
474470
499830
504403
524792
536286
551160
558187
583175
589682
604223
622592
622850
634083
646202
646621
655482
655587
659994
706761
709773
730918
748412
749020
787889
795758
803047
806213
820620
837149
858686
867322
870437
887183
888240
898096
898175
910381
921569
929911
931360
936373
938043
938216
950262
962290
962986
983495
988805
1011350
1013552
1014806
1042680
1046378
1055239
1063194
1084055
1091329
1101745
1111521
1114268
1128071
1137331
1146608
1152701
1159961
1164172
1166775
1166869
1167946
1168624
1176232
1179381
1187481
1204320
1204699
1222659
1231090
1241424
1259975
1302526
1303877
1311542
1312512
1322244
1322758
1327237
1380288
1384248
1393530
1399810
1415507
1418551
1439344
1449706
1450410
1457962
1482656
1483971
1494698
1504138
1509582
1519333
1534054
1545281
1572832
1576594
1576856
1595309
1602972
1608614
1615674
1625957
1645977
1658678
1664609
1670451
1671126
1678563
1708933
1765345
1769926
1770245
1770785
1772667
1775857
1786831
1792195
1795692
1817635
1862692
1871310
1873752
1880106
1906494
1919124
1920728
1929016
1935131
1943434
1952587
1954252
1978438
1984409
1986556
1989454
2006167
2008148
2014778
2014859
2018602
2019696
2022767
2022812
2033321
2037606
2039717
2043041
2054273
2060666
2085770
2098387
2099233
2104441
2117607
2122387
2145420
2170517
2174972
2183172
2185221
2216432
2227297
2231643
2246099
2252154
2252858
2260555
2315544
2319606
2325428
2337076
2337087
2346586
2355332
2367890
2370151
2376861
2378104
2386829
2387850
2402684
2403126
2407222
2420280
2428263
2430657
2449422
2457265
2468231
2472845
2479695
2484197
2493063
2498699
2545307
2558948
2561390
2576061
2578822
2601100
2609384
2617704
2625197
2625979
2632524
2652826
2672081
2706423
2712061
2751305
2759568
2775702
2775853
2788966
2819886
2839752
2857007
2858004
2860461
2864448
2873206
2875295
2881389
2884596
2892636
2922034
2925741
2936291
2949753
2959701
2965042
2970665
2974603
2987132
3050408
3059686
3064406
3069653
3088411
3089945
3100325
3105679
3129747
3154126
3181858
3190914
3196701
3214444
3226762
3230821
3239260
3240127
3241029
3252696
3255239
3263328
3275631
3278549
3281276
3303372
3307434
3320152
3341199
3345655
3368886
3372961
3376099
3388602
3390507
3390916
3396442
3400795
3424958
3432741
3438667
3439330
3439722
3439907
3461006
3474907
3475234
3476872
3482314
3488118
3499990
3501519
3502424
3514993
3523831
3536222
3558172
3577555
3599257
3601629
3609802
3611238
3612192
3620741
3622421
3627981
3629123
3631012
3641369
3646962
3653869
3658256
3662294
3666052
3672396
3672876
3673656
3680199
3684213
3685451
3686351
3692200
3700334
3708961
3719878
3737602
3754183
3763543
3774132
3774920
3787568
3791380
3797232
3798071
3812668
3824336
3831097
3840732
3844280
3863134
3870131
3874011
3874182
3878742
3878916
3886494
3888785
3889336
3891746
3893408
3901865
3905988
3923376
3923985
3926683
3927913
3941509
3944061
3950996
3957153
3968128
3999707
4009323
4025882
4038385
4039392
4040956
4045880
4047764
4052775
4055124
4056351
4069021
4069278
4076766
4090283
4108680
4123611
4144658
4149786
4160310
4202441
4203235
4211619
4214429
4221505
4222473
4252032
4255901
4267733
4279531
4296343
4312800
4314455
4319952
4320905
4330508
4332226
4354412
4360768
4374518
4374580
4378566
4395135
4412826
4425128
4431360
4440777
4457546
4474003
4477218
4480030
4490218
4491963
4541050
4550709
4560222
4568305
4568808
4575057
4590380
4604829
4609659
4615285
4618228
4625260
4642000
4653158
4671318
4673386
4678634
4686213
4701023
4706505
4722910
4756447
4758707
4781326
4784739
4791187
4794680
4805169
4813127
4822458
4824288
4839782
4843543
4848369
4854996
4861850
4862931
4878057
4888970
4900561
4906614
4909956
4920663
4926130
4947011
4975563
4991420
4995633
5021008
5033966
5041160
5045901
5058779
5067115
5076774
5082266
5093373
5097576
5099734
5121222
5135944
5148716
5150532
5154500
5178398
5188783
5194246
5199682
5205437
5220417
5224846
5230039
5254465
5255858
5263663
5269886
5271009
5272725
5296124
5310790
5324430
5324520
5330123
5334511
5345480
5352228
5368911
5369923
5379437
5387513
5400334
5401677
5416273
5422786
5424805
5441744
5453045
5459729
5461362
5472864
5478157
5482468
5489208
5489663
5494354
5496134
5504855
5524132
5527184
5544700
5584369
5606666
5643524
5679305
5716525
5718310
5727991
5730694
5732817
5763044
5778801
5780503
5803655
5839177
5849986
5854523
5865517
5873329
5887492
5902979
5959686
5959921
5967092
5968236
5975749
5997026
6010751
6037667
6043139
6043208
6067525
6079835
6088491
6116849
6121933
6134359
6136304
6144557
6155285
6188878
6201457
6219508
6226523
6233649
6237292
6245713
6255787
6264923
6265728
6266501
6269928
6287904
6306300
6306849
6330897
6336671
6352891
6366072
6378267
6378861
6383292
6406991
6422407
6422481
6436678
6437881
6477884
6478913
6488957
6498630
6499819
6501352
6502469
6519871
6522985
6525141
6529105
6546764
6551588
6570394
6581744
6598162
6603211
6609144
6638500
6647798
6649286
6651566
6654091
6656106
6667418
6684653
6696728
6707881
6709862
6710390
6718433
6741485
6750711
6768367
6774033
6782129
6783886
6784458
6788058
6825186
6827485
6830209
6834517
6834767
6838344
6853180
6864013
6875609
6897906
6901781
6915442
6917675
6923380
6923598
6941922
6943516
6949682
6951135
6957903
6958036
6962086
6966084
6999666
7002805
7055570
7074409
7077760
7084353
7114148
7116638
7131049
7143865
7159339
7159921
7163410
7172178
7177397
7198814
7215982
7232107
7234983
7257730
7261734
7273739
7282498
7300949
7310246
7322849
7335109
7344880
7388281
7413757
7429859
7434893
7435442
7453274
7467697
7497055
7511280
7520196
7534864
7552456
7575891
7605417
7619064
7619432
7627593
7648060
7648932
7664934
7688006
7701412
7703870
7709075
7726186
7741326
7747367
7753202
7755345
7757185
7764292
7767143
7777119
7779665
7792660
7815885
7817112
7826803
7830515
7840087
7847502
7851132
7858852
7861734
7876047
7905227
7920001
7926659
7932987
7948940
7952124
7954081
7962496
7963377
7983517
8015513
8026499
8036477
8064624
8070165
8077651
8097599
8102866
8118773
8130247
8137679
8157938
8164079
8168688
8193686
8210140
8221378
8221576
8230375
8237382
8267054
8281820
8291565
8300038
8304501
8321942
8337508
8340878
8346546
8349546
8350300
8391164
8404056
8411740
8416113
8425307
8439997
8450865
8463145
8463255
8473100
8479091
8479435
8483826
8485921
8497976
8506231
8515084
8515856
8519579
8539457
8549916
8550416
8557121
8570894
8580204
8595524
8630871
8633786
8635082
8642495
8656856
8661543
8682932
8688122
8693236
8696932
8698435
8708448
8711794
8714112
8728868
8733816
8737068
8747086
8765547
8766517
8774757
8785700
8838663
8841055
8849402
8856051
8864096
8866393
8867757
8868474
8871462
8881334
8881763
8890783
8902733
8905156
8913112
8913178
8916045
8919527
8926628
8927829
8933484
8937106
8937466
8954007
8959346
8967076
8997982
9002893
9008914
9026713
9027128
9035690
9049581
9058435
9067129
9071683
9079700
9080147
9096652
9119794
9123414
9132429
9141168
9175212
9176294
9182772
9184157
9185894
9197219
9215591
9241766
9245116
9245176
9253678
9258212
9301593
9316165
9367175
9380115
9404638
9414576
9419720
9439544
9477429
9479319
9502257
9505872
9511119
9518796
9520302
9524234
9527093
9543764
9565328
9589574
9598680
9614344
9615721
9618121
9624508
9627204
9637806
9672530
9680046
9689820
9694871
9716591
9717160
9743034
9749346
9749673
9755652
9761923
9768578
9770900
9771571
9788215
9799136
9802324
9807156
9840369
9850901
9854276
9856754
9866896
9875604
9881991
9886947
9898902
9899997
9906440
9911370
9912942
9915660
9922624
9927484
9938565
9973222
9973311
9987937
