5000
1
1
2
4
4
6
7
18
18
20
24
25
26
29
30
33
33
34
39
41
43
46
50
51
54
62
62
63
65
67
68
69
71
78
80
82
83
84
85
86
87
87
89
91
97
103
104
104
105
105
111
117
120
121
121
122
126
130
131
133
136
136
137
138
146
149
152
152
154
154
154
157
161
163
168
169
171
172
176
179
181
184
185
188
188
189
193
195
196
199
200
205
206
208
208
209
213
215
221
223
227
229
232
233
241
243
244
247
248
249
254
255
258
265
265
266
266
273
273
283
284
285
288
289
290
290
292
293
294
295
298
299
303
303
305
309
309
311
312
313
313
320
321
323
325
327
329
339
339
343
343
344
345
347
348
351
352
359
365
365
372
373
374
375
376
377
378
379
380
382
382
384
384
385
387
388
389
389
390
390
391
395
396
397
398
402
404
404
408
414
418
420
421
424
424
426
427
427
427
428
429
434
435
437
437
441
441
442
443
445
446
446
446
450
450
451
454
454
454
457
458
458
458
461
464
464
465
465
468
474
476
480
487
488
489
490
491
495
497
500
501
502
504
505
506
509
510
511
513
514
516
521
523
527
529
531
544
544
545
546
547
548
548
549
550
555
557
558
560
573
574
575
578
578
578
581
582
583
583
589
590
591
595
598
598
600
601
601
603
603
604
606
607
613
613
614
614
615
618
623
623
625
626
629
631
638
639
640
642
645
647
650
650
654
657
658
658
661
661
661
665
665
665
672
673
675
676
682
684
692
695
696
696
698
699
701
701
708
709
710
710
711
712
713
715
716
718
720
722
731
732
733
734
735
739
748
751
751
754
756
756
757
760
760
770
778
779
781
783
785
786
787
789
789
791
792
794
794
800
803
804
804
804
807
808
814
815
815
816
817
822
823
823
825
829
830
830
832
833
833
833
838
842
843
848
849
849
850
853
853
855
855
856
857
858
860
862
866
866
869
870
871
871
872
872
873
874
875
875
879
880
883
884
889
891
892
893
894
894
895
895
897
898
900
902
907
908
909
910
911
912
914
916
917
918
920
920
922
923
924
927
928
928
929
930
931
935
936
937
937
939
939
941
941
942
947
948
950
951
953
953
953
955
957
958
958
960
962
966
968
970
981
982
988
988
992
993
994
996
996
997
997
998
1008
1008
1018
1020
1020
1023
1025
1031
1031
1032
1037
1037
1038
1039
1042
1044
1045
1046
1046
1047
1049
1050
1058
1060
1060
1063
1064
1065
1081
1088
1088
1088
1094
1096
1100
1101
1101
1107
1109
1111
1112
1115
1116
1116
1125
1125
1125
1125
1127
1130
1134
1139
1144
1146
1148
1149
1151
1152
1152
1154
1154
1155
1156
1157
1158
1164
1164
1168
1168
1169
1174
1176
1178
1179
1181
1181
1187
1187
1188
1189
1189
1191
1192
1194
1194
1195
1196
1196
1196
1197
1199
1201
1202
1206
1210
1210
1210
1211
1212
1216
1221
1222
1225
1226
1229
1234
1237
1238
1238
1239
1240
1241
1241
1242
1243
1250
1251
1259
1259
1266
1267
1268
1270
1270
1273
1278
1279
1288
1290
1291
1293
1295
1299
1299
1301
1304
1305
1305
1307
1308
1309
1314
1318
1318
1323
1323
1324
1325
1326
1336
1338
1339
1341
1343
1343
1344
1344
1344
1347
1349
1350
1351
1352
1353
1354
1355
1359
1361
1362
1364
1369
1370
1373
1375
1376
1377
1378
1378
1379
1382
1382
1382
1385
1385
1386
1388
1388
1390
1390
1391
1393
1393
1393
1396
1403
1403
1405
1407
1412
1412
1412
1415
1416
1417
1421
1422
1424
1425
1425
1427
1429
1429
1431
1435
1436
1438
1439
1441
1445
1447
1447
1448
1450
1451
1452
1453
1457
1458
1460
1465
1465
1469
1470
1475
1477
1480
1480
1488
1499
1500
1501
1505
1509
1510
1510
1514
1514
1522
1525
1527
1529
1529
1533
1535
1535
1536
1536
1536
1536
1537
1538
1539
1539
1541
1542
1544
1546
1547
1549
1551
1551
1552
1552
1556
1563
1564
1565
1572
1574
1576
1578
1579
1579
1582
1588
1593
1594
1594
1600
1603
1605
1606
1607
1608
1609
1611
1611
1613
1615
1615
1618
1618
1619
1621
1622
1623
1625
1628
1634
1636
1639
1639
1639
1640
1640
1641
1642
1643
1644
1645
1645
1649
1650
1651
1653
1655
1658
1665
1666
1666
1666
1673
1674
1678
1678
1679
1680
1680
1687
1687
1687
1690
1692
1692
1692
1694
1696
1697
1697
1698
1698
1699
1703
1703
1704
1706
1709
1712
1713
1714
1716
1716
1717
1718
1719
1721
1721
1721
1723
1729
1729
1734
1735
1737
1738
1739
1740
1743
1743
1744
1748
1748
1749
1757
1759
1759
1761
1761
1766
1766
1767
1768
1772
1773
1773
1775
1776
1777
1778
1779
1779
1786
1786
1788
1791
1795
1800
1800
1800
1800
1802
1805
1805
1808
1809
1811
1813
1814
1815
1818
1819
1821
1823
1824
1826
1829
1830
1831
1832
1833
1834
1835
1835
1836
1837
1837
1837
1842
1843
1844
1844
1852
1857
1857
1859
1865
1868
1868
1871
1873
1877
1879
1879
1879
1881
1884
1887
1888
1890
1891
1893
1895
1896
1898
1899
1904
1906
1906
1909
1911
1914
1915
1916
1916
1919
1924
1924
1928
1930
1932
1936
1937
1939
1940
1940
1941
1944
1948
1949
1950
1951
1952
1952
1953
1956
1957
1959
1959
1959
1962
1962
1971
1971
1975
1976
1977
1977
1981
1982
1983
1984
1984
1986
1987
1987
1990
1992
1993
1998
1999
2000
2005
2007
2007
2009
2011
2014
2015
2016
2018
2019
2022
2023
2023
2027
2028
2038
2040
2041
2042
2045
2046
2055
2055
2055
2058
2059
2060
2061
2063
2064
2064
2066
2067
2072
2073
2074
2074
2075
2080
2082
2084
2087
2088
2090
2091
2094
2097
2098
2102
2102
2103
2104
2106
2110
2111
2115
2121
2123
2127
2129
2129
2130
2132
2135
2137
2139
2139
2143
2143
2146
2151
2154
2156
2157
2158
2158
2160
2161
2162
2166
2167
2169
2171
2177
2180
2181
2183
2191
2201
2204
2207
2207
2208
2210
2214
2219
2222
2222
2223
2226
2227
2228
2229
2231
2231
2235
2238
2239
2240
2240
2242
2242
2243
2248
2248
2249
2250
2251
2255
2258
2258
2259
2261
2261
2264
2267
2272
2273
2273
2274
2274
2275
2276
2280
2282
2283
2284
2285
2286
2287
2287
2289
2289
2290
2292
2297
2300
2304
2312
2312
2314
2316
2317
2318
2321
2323
2325
2327
2328
2334
2335
2335
2338
2339
2340
2342
2351
2352
2354
2357
2358
2358
2359
2360
2361
2363
2366
2370
2371
2384
2385
2386
2392
2399
2401
2401
2401
2402
2403
2405
2407
2408
2409
2409
2411
2411
2411
2412
2415
2418
2419
2421
2421
2422
2425
2426
2427
2428
2428
2429
2431
2433
2439
2440
2444
2449
2450
2452
2452
2454
2456
2457
2459
2459
2463
2468
2472
2474
2476
2481
2483
2484
2490
2492
2495
2496
2496
2496
2499
2502
2504
2511
2512
2513
2517
2517
2517
2518
2518
2519
2522
2522
2525
2525
2526
2526
2527
2527
2529
2530
2536
2539
2541
2543
2544
2546
2546
2547
2549
2554
2555
2555
2557
2558
2558
2559
2565
2568
2570
2572
2576
2577
2578
2578
2578
2579
2579
2579
2580
2580
2582
2583
2586
2597
2599
2604
2605
2608
2609
2611
2614
2615
2616
2619
2620
2621
2622
2622
2623
2625
2626
2629
2630
2630
2633
2636
2637
2639
2642
2647
2647
2648
2651
2652
2654
2656
2656
2657
2657
2659
2659
2661
2666
2666
2667
2668
2671
2677
2678
2681
2683
2688
2691
2693
2693
2697
2699
2700
2702
2705
2712
2714
2718
2719
2722
2726
2726
2727
2728
2728
2729
2729
2735
2736
2737
2738
2743
2745
2745
2746
2751
2751
2760
2763
2764
2765
2766
2772
2773
2773
2775
2775
2775
2776
2778
2783
2790
2792
2792
2795
2796
2798
2800
2805
2806
2807
2810
2811
2812
2814
2819
2821
2822
2824
2826
2827
2831
2832
2834
2837
2838
2840
2840
2842
2842
2845
2848
2850
2850
2855
2859
2860
2860
2861
2861
2864
2867
2869
2871
2877
2879
2880
2890
2891
2891
2892
2894
2895
2896
2897
2897
2898
2898
2898
2906
2907
2907
2909
2917
2919
2922
2924
2927
2933
2935
2942
2942
2945
2946
2946
2946
2950
2950
2955
2956
2957
2958
2959
2961
2962
2965
2966
2966
2970
2971
2972
2975
2975
2977
2981
2982
2983
2988
2990
2991
2993
2994
2995
2997
2998
3001
3003
3007
3014
3015
3017
3019
3024
3025
3027
3027
3027
3031
3037
3037
3041
3044
3044
3050
3055
3056
3057
3060
3061
3063
3065
3067
3068
3071
3076
3076
3077
3077
3077
3078
3079
3079
3080
3081
3081
3082
3083
3085
3087
3090
3091
3091
3092
3093
3095
3096
3098
3098
3098
3099
3102
3118
3121
3122
3124
3124
3125
3127
3128
3129
3136
3136
3136
3136
3138
3138
3139
3141
3144
3151
3151
3154
3154
3159
3159
3163
3163
3167
3171
3172
3172
3175
3176
3177
3179
3180
3180
3182
3182
3183
3185
3187
3193
3194
3195
3196
3196
3197
3199
3202
3203
3209
3213
3214
3215
3215
3218
3222
3223
3225
3227
3228
3233
3236
3237
3238
3240
3243
3244
3249
3250
3251
3252
3254
3258
3258
3258
3262
3262
3271
3274
3275
3275
3277
3279
3280
3280
3281
3282
3282
3285
3286
3301
3301
3308
3310
3310
3311
3311
3314
3316
3317
3318
3321
3321
3326
3328
3331
3332
3339
3340
3344
3345
3348
3350
3351
3354
3356
3356
3356
3358
3358
3364
3364
3365
3365
3367
3373
3375
3380
3381
3382
3386
3392
3393
3394
3394
3395
3398
3400
3404
3405
3408
3411
3413
3416
3417
3418
3419
3424
3424
3424
3425
3425
3427
3429
3435
3436
3437
3437
3439
3439
3443
3444
3452
3457
3459
3459
3462
3464
3465
3466
3467
3467
3468
3468
3472
3474
3474
3477
3478
3479
3479
3479
3479
3480
3481
3483
3483
3489
3489
3495
3496
3498
3502
3507
3509
3513
3513
3514
3517
3519
3519
3521
3524
3524
3528
3529
3530
3533
3537
3538
3540
3542
3542
3543
3547
3547
3548
3548
3551
3554
3556
3561
3564
3564
3565
3567
3568
3570
3572
3575
3579
3581
3585
3586
3587
3592
3600
3601
3601
3609
3610
3615
3616
3617
3618
3618
3619
3619
3619
3619
3619
3619
3620
3622
3622
3626
3628
3629
3630
3634
3635
3636
3640
3642
3642
3645
3653
3653
3654
3659
3660
3660
3662
3670
3673
3678
3679
3682
3682
3684
3690
3692
3700
3702
3702
3705
3705
3706
3708
3710
3713
3717
3720
3724
3727
3727
3727
3728
3731
3733
3734
3735
3738
3739
3739
3741
3741
3751
3751
3751
3761
3761
3763
3764
3766
3769
3769
3770
3774
3775
3786
3787
3790
3791
3793
3794
3796
3800
3802
3803
3804
3806
3807
3812
3813
3813
3813
3814
3815
3815
3820
3826
3834
3835
3841
3843
3846
3847
3850
3852
3852
3854
3855
3855
3855
3859
3861
3864
3865
3866
3866
3866
3868
3868
3870
3871
3872
3876
3877
3882
3887
3890
3893
3894
3895
3895
3897
3908
3913
3915
3915
3917
3922
3926
3926
3927
3928
3928
3930
3932
3933
3937
3940
3944
3947
3952
3957
3958
3958
3959
3960
3961
3963
3963
3965
3967
3972
3974
3975
3983
3983
3986
3987
3988
3989
3990
3991
3994
3995
3998
4000
4000
4001
4002
4002
4003
4004
4008
4017
4018
4019
4026
4026
4027
4029
4030
4030
4035
4036
4036
4043
4043
4044
4048
4048
4050
4051
4052
4055
4056
4057
4061
4067
4070
4071
4073
4074
4076
4077
4078
4080
4080
4081
4081
4083
4084
4087
4089
4089
4095
4097
4097
4100
4100
4102
4103
4104
4105
4107
4107
4108
4109
4110
4110
4115
4123
4123
4124
4127
4131
4131
4132
4132
4135
4136
4136
4138
4139
4142
4143
4143
4145
4152
4157
4158
4161
4161
4163
4163
4164
4166
4167
4168
4170
4173
4175
4178
4180
4186
4187
4189
4189
4193
4195
4195
4197
4198
4199
4200
4214
4215
4218
4221
4221
4224
4224
4225
4225
4226
4228
4230
4231
4233
4233
4233
4234
4235
4239
4239
4239
4241
4248
4251
4252
4253
4254
4256
4258
4259
4259
4262
4264
4264
4266
4268
4269
4270
4272
4272
4274
4274
4275
4277
4279
4281
4285
4289
4296
4296
4298
4301
4302
4304
4309
4310
4316
4318
4320
4321
4323
4324
4326
4326
4327
4328
4329
4329
4330
4332
4333
4340
4346
4347
4348
4349
4352
4353
4353
4358
4358
4359
4361
4363
4364
4365
4366
4369
4370
4372
4374
4376
4378
4380
4380
4383
4383
4383
4384
4384
4388
4388
4389
4393
4399
4399
4399
4401
4402
4405
4406
4408
4409
4419
4426
4429
4431
4435
4436
4439
4439
4447
4448
4453
4454
4456
4458
4458
4460
4461
4462
4464
4467
4467
4469
4470
4471
4474
4474
4476
4476
4478
4478
4482
4482
4486
4488
4489
4493
4500
4500
4501
4503
4504
4513
4516
4518
4519
4524
4525
4526
4532
4534
4535
4535
4538
4542
4542
4545
4552
4553
4563
4563
4566
4568
4571
4575
4579
4583
4585
4587
4590
4590
4591
4595
4597
4598
4599
4602
4603
4605
4609
4611
4613
4613
4616
4618
4623
4625
4629
4631
4632
4633
4633
4636
4642
4643
4643
4648
4650
4651
4663
4664
4668
4671
4671
4674
4674
4675
4676
4677
4681
4682
4683
4684
4685
4686
4691
4691
4692
4694
4697
4698
4699
4702
4702
4706
4706
4706
4706
4707
4707
4712
4714
4716
4721
4723
4725
4725
4726
4730
4732
4732
4733
4735
4737
4742
4743
4744
4747
4747
4747
4748
4748
4749
4751
4752
4752
4758
4762
4769
4771
4771
4772
4773
4782
4786
4790
4794
4794
4797
4800
4800
4802
4804
4805
4805
4806
4806
4808
4811
4812
4813
4817
4819
4820
4823
4824
4824
4829
4830
4832
4833
4833
4834
4835
4836
4836
4837
4839
4839
4840
4840
4841
4843
4844
4845
4845
4845
4852
4854
4854
4856
4858
4862
4864
4866
4867
4870
4871
4871
4876
4877
4879
4882
4886
4888
4889
4901
4903
4904
4905
4906
4906
4910
4912
4912
4917
4917
4918
4919
4919
4922
4924
4925
4926
4926
4932
4939
4943
4943
4945
4951
4954
4958
4958
4959
4960
4961
4965
4966
4970
4973
4973
4977
4979
4979
4980
4981
4981
4982
4982
4983
4984
4984
4988
4988
4991
4993
4997
4997
4998
4998
4998
4999
5002
5003
5006
5006
5006
5007
5009
5009
5014
5014
5015
5016
5024
5024
5026
5026
5027
5029
5030
5031
5033
5033
5034
5036
5040
5041
5041
5041
5046
5047
5047
5048
5049
5052
5053
5058
5061
5062
5064
5065
5068
5071
5075
5076
5078
5079
5079
5079
5082
5083
5083
5086
5086
5087
5088
5092
5093
5099
5099
5101
5103
5104
5104
5110
5112
5118
5118
5120
5121
5122
5128
5129
5129
5130
5131
5135
5138
5139
5140
5140
5140
5140
5141
5142
5143
5145
5146
5147
5149
5150
5150
5156
5160
5160
5162
5162
5165
5166
5166
5169
5172
5174
5178
5179
5181
5182
5182
5183
5184
5184
5185
5185
5186
5189
5190
5197
5201
5202
5204
5209
5214
5215
5215
5217
5219
5223
5225
5227
5228
5241
5242
5242
5244
5247
5247
5248
5255
5255
5258
5258
5259
5261
5262
5263
5265
5265
5268
5274
5275
5276
5276
5277
5277
5283
5286
5287
5289
5294
5299
5299
5299
5302
5304
5304
5306
5310
5310
5311
5313
5316
5319
5321
5327
5332
5335
5338
5338
5339
5340
5345
5348
5350
5351
5351
5355
5356
5357
5358
5360
5363
5363
5364
5366
5369
5370
5371
5373
5375
5378
5380
5381
5383
5384
5384
5386
5391
5393
5395
5397
5399
5401
5402
5408
5409
5410
5411
5411
5414
5416
5416
5418
5419
5422
5425
5427
5428
5428
5435
5436
5437
5439
5441
5449
5449
5455
5458
5461
5465
5466
5471
5474
5475
5477
5478
5480
5482
5482
5490
5491
5494
5495
5499
5506
5507
5508
5509
5511
5512
5512
5514
5515
5515
5516
5516
5516
5518
5520
5523
5529
5529
5531
5532
5535
5536
5538
5547
5548
5549
5552
5553
5556
5557
5562
5563
5564
5564
5565
5567
5568
5570
5573
5574
5576
5579
5584
5584
5584
5584
5591
5592
5593
5594
5596
5598
5603
5607
5608
5611
5612
5614
5614
5615
5616
5617
5619
5619
5619
5620
5621
5622
5622
5626
5628
5631
5633
5635
5639
5640
5643
5643
5646
5647
5649
5652
5653
5654
5656
5657
5657
5658
5659
5660
5662
5665
5669
5670
5670
5670
5675
5680
5681
5684
5685
5689
5690
5692
5694
5698
5700
5703
5705
5712
5714
5716
5717
5725
5729
5730
5734
5738
5739
5739
5741
5742
5746
5748
5749
5749
5750
5755
5758
5758
5759
5761
5761
5763
5763
5765
5765
5770
5770
5770
5775
5779
5780
5782
5786
5786
5787
5787
5788
5792
5792
5795
5798
5800
5801
5801
5804
5805
5806
5808
5812
5813
5816
5821
5827
5830
5830
5832
5833
5834
5834
5838
5846
5847
5853
5854
5855
5863
5866
5867
5875
5877
5882
5885
5885
5887
5888
5889
5890
5894
5895
5896
5896
5900
5900
5904
5906
5911
5911
5911
5914
5916
5918
5919
5923
5924
5925
5926
5930
5932
5936
5945
5947
5948
5948
5949
5950
5951
5954
5957
5964
5964
5966
5966
5968
5978
5979
5981
5981
5984
5987
5988
5990
5993
5994
5995
5995
5996
5998
6000
6001
6002
6008
6012
6012
6012
6013
6014
6018
6019
6020
6023
6024
6024
6029
6031
6037
6038
6039
6045
6046
6047
6049
6052
6052
6054
6058
6059
6066
6067
6067
6073
6080
6081
6081
6085
6085
6086
6087
6089
6092
6094
6096
6096
6100
6105
6105
6107
6108
6108
6109
6110
6115
6115
6115
6116
6117
6118
6120
6123
6126
6126
6128
6129
6132
6134
6135
6135
6136
6138
6140
6142
6143
6143
6144
6145
6149
6152
6156
6156
6157
6159
6159
6159
6160
6165
6165
6165
6166
6170
6171
6172
6172
6174
6176
6177
6179
6182
6183
6184
6184
6184
6186
6196
6196
6202
6205
6208
6208
6213
6219
6219
6220
6223
6224
6227
6230
6238
6240
6241
6241
6242
6243
6244
6245
6246
6248
6253
6258
6260
6262
6264
6265
6266
6266
6266
6267
6269
6269
6271
6271
6273
6274
6274
6275
6277
6279
6279
6280
6282
6283
6284
6289
6291
6293
6294
6294
6296
6300
6302
6303
6307
6307
6310
6310
6310
6312
6316
6317
6319
6323
6323
6324
6325
6325
6326
6333
6334
6334
6337
6337
6342
6343
6344
6346
6349
6349
6350
6351
6356
6358
6359
6359
6361
6362
6363
6365
6365
6370
6372
6374
6377
6379
6380
6394
6394
6394
6399
6400
6400
6401
6401
6404
6404
6407
6407
6413
6415
6417
6418
6419
6425
6425
6427
6430
6437
6439
6440
6443
6448
6448
6449
6457
6459
6459
6461
6462
6465
6467
6471
6472
6474
6474
6475
6476
6476
6478
6479
6479
6480
6480
6482
6482
6482
6485
6486
6487
6489
6492
6494
6494
6497
6498
6498
6501
6505
6506
6510
6511
6519
6525
6526
6526
6527
6538
6539
6541
6541
6542
6542
6542
6551
6551
6555
6558
6558
6559
6560
6560
6564
6566
6566
6572
6579
6579
6580
6585
6585
6586
6586
6589
6590
6591
6600
6601
6601
6602
6604
6615
6616
6616
6620
6621
6622
6622
6624
6624
6624
6633
6633
6634
6639
6642
6643
6645
6647
6649
6653
6654
6655
6655
6658
6662
6669
6669
6675
6676
6677
6681
6682
6682
6684
6689
6689
6690
6692
6692
6694
6697
6697
6697
6701
6705
6706
6717
6718
6720
6721
6723
6724
6725
6726
6726
6726
6728
6729
6729
6730
6730
6730
6733
6734
6736
6739
6741
6742
6744
6744
6747
6747
6750
6753
6755
6763
6765
6765
6766
6768
6775
6779
6780
6781
6781
6784
6785
6786
6789
6790
6791
6792
6796
6797
6800
6806
6806
6807
6807
6809
6811
6813
6815
6818
6821
6822
6822
6823
6826
6829
6830
6833
6834
6835
6836
6838
6839
6843
6843
6848
6849
6851
6853
6857
6858
6860
6862
6863
6866
6867
6869
6871
6875
6876
6878
6881
6883
6888
6888
6891
6897
6898
6901
6902
6907
6909
6912
6915
6919
6921
6925
6925
6931
6931
6932
6932
6934
6934
6935
6937
6943
6954
6958
6959
6960
6960
6962
6963
6968
6968
6968
6969
6972
6973
6974
6977
6977
6977
6979
6980
6980
6982
6983
6984
6985
6987
6988
6989
6989
6990
6990
6991
6993
6993
6995
7001
7002
7002
7018
7021
7022
7030
7031
7033
7034
7035
7037
7038
7045
7046
7051
7055
7057
7061
7061
7063
7064
7065
7065
7070
7072
7073
7076
7077
7078
7079
7081
7082
7085
7087
7087
7088
7092
7092
7094
7095
7095
7096
7100
7101
7101
7103
7112
7114
7119
7120
7121
7122
7128
7130
7133
7135
7135
7138
7141
7141
7142
7147
7147
7148
7148
7149
7149
7150
7151
7151
7153
7158
7158
7158
7158
7163
7163
7164
7172
7173
7174
7174
7174
7178
7180
7184
7185
7190
7191
7193
7195
7196
7196
7200
7200
7201
7204
7206
7208
7208
7209
7216
7218
7219
7220
7222
7223
7228
7234
7240
7240
7242
7243
7244
7244
7244
7245
7246
7246
7251
7251
7252
7261
7263
7269
7272
7273
7282
7282
7282
7283
7287
7288
7288
7290
7290
7291
7292
7292
7296
7297
7297
7300
7302
7308
7309
7310
7311
7311
7316
7316
7317
7319
7320
7321
7321
7322
7322
7322
7323
7325
7326
7334
7334
7338
7340
7340
7344
7345
7345
7347
7348
7348
7350
7350
7352
7353
7353
7357
7360
7362
7364
7367
7369
7369
7369
7371
7373
7374
7374
7376
7381
7386
7386
7388
7391
7392
7394
7397
7399
7400
7402
7402
7402
7405
7406
7407
7411
7411
7412
7413
7414
7414
7417
7418
7419
7421
7425
7426
7427
7428
7430
7431
7435
7443
7443
7449
7450
7453
7454
7455
7456
7456
7456
7457
7460
7462
7463
7463
7466
7471
7471
7474
7475
7475
7477
7477
7479
7479
7488
7490
7492
7493
7499
7502
7503
7508
7509
7512
7512
7513
7513
7514
7517
7520
7521
7524
7525
7525
7528
7530
7530
7537
7537
7538
7538
7538
7539
7540
7541
7549
7551
7552
7553
7554
7554
7555
7555
7557
7558
7565
7566
7569
7574
7576
7576
7577
7578
7581
7584
7585
7587
7589
7597
7598
7601
7607
7608
7609
7611
7614
7616
7618
7618
7618
7619
7626
7626
7630
7633
7636
7636
7637
7638
7639
7642
7644
7644
7647
7650
7651
7651
7653
7654
7655
7656
7660
7663
7664
7664
7670
7680
7680
7681
7682
7682
7685
7686
7690
7697
7699
7700
7703
7706
7708
7708
7711
7712
7719
7721
7721
7725
7726
7733
7734
7735
7738
7739
7743
7743
7748
7750
7754
7754
7757
7764
7767
7769
7770
7772
7773
7776
7776
7787
7788
7792
7792
7793
7797
7800
7802
7804
7806
7808
7810
7811
7811
7813
7817
7818
7819
7820
7823
7823
7825
7826
7830
7830
7831
7835
7838
7839
7844
7844
7847
7847
7849
7858
7859
7859
7859
7861
7862
7868
7868
7868
7869
7870
7871
7873
7876
7876
7876
7878
7879
7881
7882
7886
7889
7891
7893
7894
7896
7902
7903
7903
7904
7910
7911
7912
7913
7919
7920
7920
7924
7925
7926
7926
7927
7928
7931
7933
7935
7939
7940
7942
7943
7943
7944
7946
7947
7947
7950
7950
7952
7957
7958
7959
7959
7959
7960
7960
7961
7961
7962
7962
7963
7966
7971
7975
7975
7976
7977
7978
7978
7981
7986
7986
7986
7988
7988
7990
7993
7994
7996
7996
7997
7998
7998
7998
8004
8007
8011
8012
8013
8015
8016
8018
8018
8019
8020
8024
8024
8026
8031
8031
8036
8037
8037
8039
8039
8040
8040
8041
8042
8042
8042
8046
8047
8050
8050
8051
8051
8051
8053
8055
8056
8059
8064
8064
8069
8073
8074
8076
8077
8079
8079
8081
8081
8083
8084
8085
8089
8091
8092
8093
8093
8096
8102
8102
8103
8105
8107
8111
8112
8121
8121
8122
8125
8126
8128
8128
8129
8129
8130
8130
8135
8136
8138
8138
8139
8140
8142
8144
8144
8145
8150
8154
8155
8157
8158
8161
8166
8166
8176
8182
8184
8192
8199
8200
8201
8202
8204
8210
8213
8214
8215
8216
8216
8216
8216
8217
8220
8221
8222
8223
8226
8226
8227
8229
8230
8233
8235
8235
8236
8240
8241
8243
8251
8253
8254
8255
8258
8261
8265
8266
8268
8269
8272
8273
8276
8277
8278
8281
8281
8283
8284
8286
8290
8293
8295
8297
8298
8299
8301
8308
8308
8308
8313
8315
8317
8318
8321
8322
8323
8323
8324
8325
8332
8332
8333
8336
8342
8343
8344
8345
8345
8346
8350
8351
8351
8356
8359
8360
8362
8375
8375
8376
8387
8389
8393
8394
8398
8400
8403
8406
8406
8409
8410
8411
8411
8413
8414
8418
8421
8423
8424
8424
8425
8425
8425
8426
8428
8432
8432
8432
8434
8434
8435
8438
8446
8451
8454
8464
8465
8467
8468
8468
8469
8470
8471
8473
8474
8475
8476
8476
8478
8481
8487
8487
8489
8490
8490
8494
8501
8502
8505
8510
8514
8516
8517
8517
8519
8521
8523
8527
8538
8540
8543
8546
8546
8547
8547
8550
8551
8552
8553
8554
8556
8558
8563
8563
8564
8567
8567
8567
8568
8568
8570
8570
8571
8571
8573
8574
8575
8581
8582
8584
8584
8584
8586
8586
8589
8590
8597
8604
8606
8611
8614
8614
8616
8619
8619
8620
8621
8621
8622
8625
8627
8628
8628
8632
8633
8634
8635
8635
8635
8636
8638
8642
8645
8647
8647
8647
8648
8650
8650
8652
8653
8658
8660
8661
8663
8665
8666
8666
8668
8671
8673
8673
8673
8673
8677
8678
8679
8680
8680
8680
8681
8682
8684
8686
8686
8690
8690
8690
8691
8691
8695
8704
8707
8709
8711
8714
8719
8723
8724
8726
8726
8728
8729
8731
8732
8732
8735
8737
8740
8741
8741
8741
8742
8743
8750
8752
8753
8753
8758
8761
8768
8775
8776
8776
8780
8781
8783
8785
8787
8789
8791
8798
8802
8803
8805
8805
8807
8812
8812
8812
8815
8817
8817
8822
8826
8829
8831
8832
8834
8834
8834
8840
8841
8841
8842
8843
8845
8852
8854
8855
8859
8859
8859
8860
8864
8866
8866
8866
8867
8868
8868
8868
8872
8875
8882
8882
8883
8884
8885
8886
8888
8888
8889
8889
8890
8890
8893
8896
8897
8898
8907
8912
8913
8913
8915
8915
8918
8921
8940
8942
8948
8955
8955
8959
8960
8960
8963
8963
8969
8970
8971
8976
8977
8978
8978
8978
8985
8985
8987
8990
8992
8992
8996
8999
8999
9002
9004
9005
9008
9009
9010
9010
9012
9015
9015
9020
9020
9021
9022
9028
9031
9035
9038
9046
9049
9051
9052
9055
9056
9056
9057
9057
9058
9065
9071
9073
9075
9076
9077
9079
9082
9083
9084
9087
9088
9089
9089
9093
9096
9097
9097
9098
9098
9104
9107
9111
9112
9112
9115
9117
9119
9120
9124
9124
9134
9135
9136
9136
9140
9144
9147
9147
9148
9149
9151
9152
9156
9157
9159
9161
9162
9169
9171
9173
9173
9177
9178
9179
9182
9189
9190
9191
9191
9195
9197
9197
9198
9199
9201
9201
9202
9204
9207
9208
9210
9211
9211
9213
9214
9214
9216
9217
9217
9220
9223
9224
9228
9229
9230
9231
9233
9233
9234
9234
9238
9239
9240
9241
9243
9244
9247
9250
9250
9255
9256
9257
9257
9262
9268
9269
9274
9275
9276
9280
9284
9284
9284
9286
9287
9289
9289
9293
9294
9296
9298
9304
9306
9307
9310
9311
9312
9314
9314
9316
9317
9320
9321
9326
9327
9327
9331
9332
9333
9336
9336
9337
9344
9344
9345
9349
9354
9355
9357
9358
9364
9369
9373
9375
9379
9380
9382
9382
9384
9386
9388
9391
9395
9396
9396
9398
9399
9399
9407
9409
9409
9413
9414
9420
9421
9421
9422
9426
9427
9428
9431
9433
9434
9436
9437
9439
9439
9440
9442
9443
9444
9453
9454
9454
9459
9460
9462
9463
9467
9470
9471
9475
9477
9480
9481
9482
9483
9484
9485
9485
9487
9488
9492
9493
9496
9497
9500
9501
9502
9507
9508
9509
9510
9513
9513
9515
9517
9526
9533
9533
9535
9535
9536
9542
9545
9545
9552
9553
9553
9554
9556
9560
9565
9566
9568
9569
9570
9572
9572
9573
9573
9576
9576
9578
9579
9579
9584
9588
9590
9596
9597
9600
9600
9604
9604
9606
9609
9609
9615
9617
9619
9622
9624
9624
9628
9633
9634
9634
9635
9637
9638
9638
9639
9639
9640
9640
9640
9650
9650
9651
9653
9653
9656
9658
9661
9662
9663
9663
9667
9667
9669
9675
9678
9683
9683
9683
9683
9690
9690
9691
9694
9698
9703
9703
9704
9708
9711
9711
9712
9714
9714
9717
9720
9720
9723
9723
9724
9725
9726
9727
9727
9727
9728
9729
9731
9734
9735
9736
9737
9739
9741
9741
9744
9745
9745
9746
9746
9746
9753
9754
9754
9756
9758
9758
9759
9759
9760
9761
9767
9771
9772
9779
9779
9781
9782
9788
9788
9790
9797
9799
9802
9804
9804
9804
9805
9806
9811
9811
9811
9815
9815
9816
9818
9818
9821
9821
9823
9825
9825
9832
9838
9839
9841
9841
9842
9843
9848
9850
9853
9853
9854
9855
9856
9860
9870
9872
9873
9877
9878
9881
9883
9883
9884
9895
9900
9901
9902
9904
9908
9908
9908
9908
9911
9912
9913
9913
9915
9917
9919
9919
9920
9921
9921
9921
9936
9940
9940
9940
9941
9942
9942
9945
9945
9946
9947
9948
9951
9955
9955
9956
9956
9956
9958
9958
9959
9961
9963
9963
9964
9966
9967
9968
9968
9969
9972
9972
9975
9979
9984
9984
9985
9990
9990
9994
9996
9998
9999
