5000
1311
1522
1568
1676
2195
2211
2237
2246
2292
2801
2804
2860
2867
2955
2957
3096
3262
3487
4336
4457
4462
4487
4611
4856
4989
5077
5093
5235
5500
5581
5663
5884
5920
6018
6079
6169
6180
6521
6527
6712
6763
7078
7248
7390
7494
7537
7540
7570
7718
7870
8602
8675
8811
9000
9081
9205
9566
9867
9946
10182
10536
11079
11220
11498
11526
11766
12077
12298
12401
12432
12598
12744
12847
12920
13132
13144
13226
13317
13385
13664
13718
13732
14546
14776
14847
14983
15193
15194
15445
15490
15932
16142
16691
16789
17052
17063
17176
17527
17641
18020
18200
18291
18977
19266
19455
19565
20061
20141
20375
20410
20515
20567
20731
20781
20824
20960
21351
21399
21659
21717
21737
22325
22534
22783
22873
22888
23337
23372
23448
23880
23923
23953
24117
24230
24232
24320
24698
24732
24821
25256
25273
25941
26909
27457
27605
27858
28995
29102
29349
29368
29529
29841
29848
29982
30149
30694
30954
31290
31322
31580
32147
32263
32725
32742
32806
33184
33227
33350
33403
33647
33863
33965
34016
34309
34414
34490
34503
34944
35088
35092
35139
35421
35926
36516
36707
36783
36935
37209
37547
37681
37731
37855
38573
39202
39625
39707
40153
40345
40434
40516
40543
40623
40700
41238
41796
41836
41943
42002
42372
42582
42708
43016
44179
44292
44971
45038
45081
45155
45304
45323
45480
45496
45635
45673
46013
46221
46232
46512
46529
46601
46640
46688
47158
47188
47190
47199
47232
47402
47638
47696
47895
48142
48391
48666
49232
49443
49472
49540
49544
49869
50807
51694
51772
52163
52427
52482
52857
52995
53136
53385
53472
53575
53654
53767
53892
54211
54231
54674
54716
55055
55068
55332
55610
56503
56688
56748
56814
57096
57349
57540
57651
58164
58379
58419
58570
58691
58911
59187
59273
59336
59400
59554
59589
59935
60043
60237
60499
60538
60647
60655
60692
61186
61237
61356
62319
62403
62451
62587
62752
62840
62907
63047
63142
63293
63397
63402
63419
63480
63486
63750
63828
63961
64019
64257
64367
64391
64499
64665
65374
65551
65967
66168
66176
66312
66498
66619
66664
66785
66796
66815
66981
67046
67106
67506
68016
68619
68782
69380
69544
69673
69701
69869
69949
70124
70539
70606
71197
71751
71981
72076
72233
72540
73240
73333
73508
73675
73856
73967
74449
74468
74654
75304
75334
75539
75567
75687
75827
75899
75929
76069
76144
76728
76835
76895
77301
77345
77361
77390
77787
77790
78175
78912
79134
79142
79206
79316
79376
79431
79682
79810
79827
79841
79901
79902
79906
80337
80387
80727
80789
80886
81170
81393
81410
81752
81845
82278
83042
83062
83100
83222
83746
83819
84022
84150
84280
84407
84412
84516
84639
84748
84963
85121
85172
85201
85576
86034
86061
86240
86429
87160
87422
87492
87795
87926
88657
88807
89032
90047
90105
90562
90635
90691
91012
91146
91157
91308
91661
91743
91944
91986
92256
92643
92697
92940
92996
93100
93268
93306
93458
93468
93568
93891
93959
94370
94392
94463
94660
94795
94920
95216
95367
95605
95768
95822
96643
96771
97107
97348
98024
98212
98427
98652
98654
98930
98967
99179
99285
99753
99773
100004
100311
100516
100520
101031
101473
101512
101539
101550
101847
102502
102590
102986
103021
103095
103163
103477
103562
103811
103892
104243
105039
105207
105341
105624
105940
106321
106652
106743
106903
107015
107257
107283
107704
107756
107816
108059
108198
108293
108535
108995
109311
109331
109479
110217
110269
110471
110522
110699
110783
110839
111385
111464
112400
112406
112615
112811
113146
113618
113766
113983
114107
114268
114306
114437
114563
114623
114999
115687
115750
115837
115920
116033
116152
116601
116967
117300
117750
117893
117962
118111
118232
118296
118501
118569
118806
119761
119921
119991
120385
120599
120629
121161
121233
121505
121605
121722
121793
121922
122165
122287
122327
122467
122724
122820
122994
123220
123294
123846
124294
124452
124456
125276
125466
125485
125993
126081
126100
126136
126324
126421
126580
126839
127025
127464
128319
128339
129470
129777
129951
129960
130131
130282
130631
130826
131621
131657
132044
132139
132165
132177
132464
132919
132925
133013
133137
133246
133509
133810
134085
134118
134628
134702
134999
135125
135592
135645
135805
136110
136237
136402
136434
136584
136694
137610
137895
138092
138425
139275
139310
139427
139514
140208
140255
140843
141315
141387
141513
141723
142132
142136
142647
142862
143055
143090
143274
143516
143779
143985
144059
144172
144291
144425
144712
144967
145175
145185
145202
145218
145273
145466
145478
145576
145726
145755
146010
146273
146457
146802
146935
147025
147394
147553
147608
147991
148435
148463
148735
149304
149491
149492
149589
149598
149766
149775
149942
150265
150569
150635
150835
151248
151367
151389
151629
151767
151906
152592
152618
152705
152914
152938
153039
153060
153281
154206
154276
154837
155437
155475
155842
156171
156404
156586
156708
157094
157288
157444
157494
157548
157894
158186
158286
158835
158857
158859
158905
159040
159064
159150
159346
159449
159547
160733
160796
160858
160905
161042
161903
162179
162398
162831
162949
162996
163117
163490
163497
163667
163667
163825
163975
164009
164140
164169
164390
164396
164690
164798
164831
164900
165024
165628
165880
165890
165952
166412
166435
167270
167596
168064
168150
168155
168192
168511
168665
169191
169293
169336
169497
169523
169585
169739
169794
170197
170206
170223
170667
171082
171213
171413
171630
171830
172022
172797
173172
173265
173393
173397
173798
174051
174189
174782
174793
174852
175546
175559
175746
175982
176029
176090
176365
176453
176474
176516
176664
176743
176847
177095
177143
177176
177184
177452
177584
177659
178356
178444
178505
179119
180547
180702
181044
181722
181816
181824
181900
182197
182235
182385
182480
182666
182723
183059
183331
183521
183770
183869
184088
184221
184518
184577
184994
185214
185565
185569
185584
185956
186012
186027
186240
186395
186961
187191
187685
187757
187820
188056
188133
188334
188461
188694
188794
188911
189057
189309
189454
189826
189876
189936
190070
190822
190834
190911
191146
191519
191868
191939
192289
192292
192310
192420
192481
192700
192706
193112
193427
193496
193856
193912
194207
194246
194386
194487
194643
194773
194980
195443
195574
195644
195716
195814
195893
196181
196344
196509
197194
197325
197339
197342
197479
197520
197633
197807
197968
199189
199346
199367
199488
200036
200331
200888
201317
201559
201633
201680
201996
202018
202047
202797
202876
202933
202957
203249
203562
203621
203661
203685
203747
203800
203937
203953
204076
204293
204954
205271
205350
205488
206107
206682
206743
206757
206757
206927
207575
207812
208310
208327
208393
208725
208874
209030
209049
209684
210018
210077
210206
210281
210458
210625
210671
210875
211015
211072
211103
211198
211643
212159
212390
212428
212884
213191
213236
213557
213673
213732
214609
214892
214959
215155
215271
215461
215509
215857
216178
216222
216825
217283
217285
217334
217340
217850
218193
218249
218335
218414
218706
218859
219014
219177
219709
219922
220766
220945
221008
221067
221176
221225
221701
221843
222153
222162
222396
222657
222784
222877
222987
223414
223566
223759
224584
224643
224811
225136
225275
225602
225634
225751
225940
226698
227266
227445
227509
227663
227747
227878
228169
228567
228971
229021
229263
229786
229838
230369
230373
230387
230450
230521
230558
230793
230961
230976
231024
231046
232070
232222
233427
233468
233582
233685
233714
233789
233961
233967
234012
234375
234384
234763
234764
234773
234931
235062
235096
235467
235472
235779
235878
235919
235940
236032
236208
236704
236751
236838
236902
237251
237647
237722
238062
238225
238408
238572
238780
238802
238860
239102
239113
239390
239554
239648
239948
240135
240327
240370
241132
241152
241469
241712
241829
241999
242746
242764
242854
242856
242889
243099
243223
243327
243620
244391
244499
244991
245096
245565
245860
246187
246283
246520
246719
246935
246936
246937
247082
247180
247241
247634
248298
248426
248701
248705
248857
249118
249439
249735
249852
250032
250657
251233
251970
252151
252238
252362
252442
252452
252623
253210
253280
253446
253675
253823
253829
254084
254311
254435
254647
254693
255609
255716
255724
255826
255933
256002
256216
256407
256414
256516
256626
256763
257297
257339
257473
257497
257588
257739
257910
257971
258076
258152
258252
258463
258475
258557
258711
259016
259022
259029
259264
259436
259523
259832
260198
260229
260348
260763
261101
261127
261235
261493
261513
261580
261729
261734
262018
262241
262530
263029
263110
263385
263717
263934
263984
263996
264040
264930
265007
265080
265171
265213
265768
266063
266364
266498
266642
266660
267070
267153
267463
267477
267688
267780
267808
268400
268439
268476
268542
268607
268817
268874
268994
269047
269183
269287
269577
269682
269717
269838
269839
269951
270059
270201
270214
270223
270272
270510
270585
270696
270726
270789
270905
271111
271257
271416
271567
271714
271728
271814
271916
272051
272059
272147
272455
272609
272914
272934
272958
272996
273290
273496
274072
274096
274311
274348
274664
274853
274901
275906
276008
276212
276260
276272
277000
277064
277185
277222
277317
277324
277349
277375
277639
278021
278698
278865
278961
279020
279107
279287
279340
280504
280678
280690
281005
281005
281048
281145
281480
281990
282203
282303
282371
282547
282928
282972
283028
283084
283089
283166
283692
284002
284561
284788
284871
284896
284949
285210
285391
285757
285967
286230
287132
287371
287488
287801
287831
287944
288157
288241
289060
289062
289193
289260
289282
289522
289953
290058
290465
290662
290705
290787
291124
291353
291573
291889
292009
292573
292599
292607
293012
293059
293187
293448
294053
294185
294393
294475
294710
294771
294867
294985
294995
295518
295609
295718
295723
296098
296234
296815
297026
297258
297295
297375
297575
297699
297918
298113
298327
298696
298765
298787
298857
298885
299444
299567
300474
300542
300611
300735
300827
300925
301294
301304
301466
301496
301507
301915
301928
302010
302387
302643
302734
302864
303041
303524
303761
303893
304251
304329
304511
304621
304669
304879
304942
304996
305564
305951
306029
306466
306539
306831
306873
306906
307493
307705
307733
307890
307983
308271
308427
308462
308483
308541
308914
309188
309742
309848
309959
310392
310421
310424
310733
310744
310754
311395
311578
311909
311983
312251
312336
312486
312888
312972
313128
313165
313317
313441
313546
314104
314121
314506
314513
314696
314748
314839
314931
315122
315127
315277
315336
315365
315897
316010
316086
316149
316347
316362
316380
316452
316531
316718
316757
317206
317967
318129
318169
318517
318645
318697
318808
319127
319645
319727
319787
319843
320129
320354
320525
320581
320694
320729
320941
320997
321389
321600
321745
321782
322190
322438
322711
322787
323069
323206
323249
323517
323533
323590
323778
324085
324092
324276
324587
324728
325512
325525
325670
326291
326320
326534
326619
326748
326899
327374
327890
328235
328427
328450
328904
329182
329528
329742
330151
330365
330414
330466
330515
331221
331730
331955
332288
332381
332567
332912
333812
334448
334492
334616
334985
335198
335520
335608
335618
335703
336142
336250
336291
336373
337069
337200
337385
337811
337847
337925
338336
338475
338726
338729
338786
339546
340162
340300
340335
340635
340816
341296
341560
341846
341917
342135
343721
343800
344349
344353
344382
344630
344718
344836
345075
345094
345318
345362
345856
346034
346140
346466
346904
347001
347228
347257
347408
347452
347659
347684
347790
347827
348321
348356
348443
348506
348644
348706
348741
349050
349210
349312
349332
349376
349383
349857
349884
350114
350367
350484
350537
350586
350643
350644
350798
350846
350976
351000
351007
351074
351084
351221
351431
351577
352112
352266
352267
352277
352425
352486
352823
353057
353198
353296
354276
354478
354715
354774
354895
354963
355536
355947
355979
356050
356504
356519
356592
356667
357629
357933
358108
358373
358404
358871
358907
359164
359360
359374
359519
359633
359677
359924
360457
360473
360502
360638
360645
361533
361859
362326
362342
362499
362552
363173
363203
363895
363960
364556
364798
365101
365351
365571
365785
366211
366501
366563
366630
366748
366775
366850
367038
367174
367204
367425
367508
367549
367726
368072
368281
368451
368533
368561
368605
369136
369144
369360
369366
369449
369524
369635
369681
369982
369990
370591
370607
370696
370885
371082
371129
371212
371340
371690
371942
372339
372469
372639
372765
372968
373053
373293
373515
373718
373768
374100
374101
374225
374228
374308
374440
374710
374757
375071
375786
375984
376153
376160
376248
376256
376611
376720
377320
377586
377605
377925
378263
378313
378357
378532
378746
378819
378953
379136
379294
379975
380044
380149
380277
380416
380744
381254
381364
381432
381479
381737
382024
382103
382437
382476
382592
382616
382893
382932
382953
382999
383070
383214
383594
383821
384029
385206
385298
385405
385902
385915
385976
386123
386459
386527
386612
387116
387858
387866
387988
388230
388333
388468
388929
389434
389479
389510
390013
390038
390356
390468
390491
390645
390659
391018
391213
391462
391963
392077
392255
392605
392608
392635
393276
393609
393614
393617
393628
393767
393839
394096
394275
394581
394692
394713
394835
394896
395030
395346
395374
395428
395736
395995
396057
396158
396201
396528
396650
396655
396728
396768
396802
396968
397334
397617
397730
398002
398486
398565
398597
398641
398804
398807
399212
399762
399823
399930
400024
400083
400096
400099
400127
400170
400295
400687
400852
400917
402635
402868
403183
403253
403537
403627
403733
403832
405056
405601
406351
406400
406905
406927
406937
407040
407667
407708
407899
408719
408831
409120
409364
409411
409560
409714
409772
409826
409935
410397
410511
410538
410783
410802
411263
411616
411665
411767
411769
411824
412161
412183
412198
412419
412898
413060
413282
413371
413393
413503
413675
414009
414070
414181
414822
415085
415199
415279
415765
416102
416187
416409
416545
416630
417082
417505
417895
417940
417996
418010
418045
418202
418240
418383
418873
419382
419496
419527
419810
419939
420248
420306
420361
420441
420554
420963
421159
421411
421678
421723
421889
422570
422645
422817
423003
423169
423326
423403
423474
423751
423914
423974
424337
424529
424545
424884
424896
425173
425676
426111
426326
426666
426948
426980
427036
427099
427274
427300
427789
427817
427843
427844
427958
428725
428794
428805
429226
429451
429887
429928
430112
430160
430354
430408
430842
431057
431067
431069
431169
431209
431234
431279
431569
431915
431938
432189
432202
432577
433120
433311
433375
433851
433991
434044
434162
434191
434493
434703
434721
434861
434999
435032
435090
435310
435723
435730
435913
436298
436354
436432
437830
437965
438391
438511
438598
438677
438921
438945
439114
439340
439409
439658
440186
440675
440821
440827
440907
440923
441057
441066
441231
441321
441432
441649
441709
441959
442665
443212
443448
443514
443566
443645
443982
444426
444454
444695
446359
446836
447107
447324
447394
447555
447560
447739
447745
447792
447807
447992
448205
448480
449141
449187
449364
450179
450318
450444
450485
450677
450725
450902
450969
451255
451385
451585
451687
451775
451855
452123
452587
453262
453288
453311
453345
453373
453393
453686
453727
454031
454134
454229
454430
455080
455100
455136
455200
455227
455400
455706
455731
455829
455875
456010
456351
456510
456796
456917
457024
457337
457508
457664
457846
458390
458512
458748
458938
459057
459080
459258
459279
459314
459483
459564
460835
460892
461237
461516
461704
461930
462018
462038
462167
462235
462268
462324
462578
462587
462781
462895
462911
463138
463187
463421
464479
464912
464919
465165
465303
465339
465668
466071
466168
466431
466480
466916
467020
467127
467141
467435
467524
467568
467592
467870
467891
467905
468050
468253
468310
468395
468807
469028
469052
469404
469585
469951
469961
469963
470295
470406
470419
470855
470988
471085
471379
471559
471560
471651
471951
472013
472287
472386
472460
472495
472497
472525
472811
473018
473063
473286
473523
474128
474367
474498
474517
474531
474545
474621
474788
475018
475154
475518
475525
475541
475741
475779
475868
476234
476250
476353
476602
476937
476955
477112
477349
477515
477647
477699
478229
478534
478582
478884
479064
479279
479297
479445
479519
479579
479583
479972
480106
480227
480291
481117
481271
481451
481664
482331
482576
482836
483460
483625
483881
483910
483991
484067
484203
484746
485058
485216
485298
485954
486518
486534
486802
487004
487047
487065
487099
487196
487605
487848
488253
488340
488482
488549
488690
488966
489029
489532
489632
489974
490168
490353
490384
490424
490457
490620
491049
491107
491370
491478
492174
492473
492740
492947
493271
493289
493559
493763
493842
493921
494058
494547
494917
495555
496044
496080
496404
496428
496455
497100
497132
497478
498195
498472
498640
499043
499144
499457
499773
499808
500104
500109
500192
500958
501137
501570
501893
501929
502252
502340
502421
502746
502804
502926
503004
503174
503191
503198
503239
503332
503466
503546
503742
503786
504180
504250
504808
505096
505427
505843
506041
506201
506346
506545
506801
506930
507812
507923
507975
508314
508401
508586
508738
509227
509237
509499
509699
509849
510014
510290
510626
510754
510897
511023
511396
511411
511519
511744
511808
511940
512018
512299
512664
512716
512722
512759
512986
513259
513321
513559
513616
514437
514636
514646
514840
515149
515306
515308
515337
515342
515615
516035
516119
516310
516712
517112
517533
517911
517938
517982
518080
518691
518798
518809
519090
519369
519394
519482
519561
519667
519926
520102
520125
520145
520164
520340
520373
520574
521683
521995
522122
522148
522156
522183
522736
522768
522860
522914
523022
523720
523727
523932
524290
524624
524779
524883
525008
525110
525259
525619
525790
525797
525898
526043
526151
526372
526373
526524
526815
526871
527220
527458
527485
528031
528116
528185
528185
528852
528930
530074
530190
530312
530368
530411
530427
530562
530665
530723
530809
530891
531029
531171
531679
531879
532112
532151
532352
532682
533026
533538
533810
533841
533959
534244
534409
534446
534664
534738
534754
534761
535119
535135
535647
535738
536179
536415
536616
536999
537043
537162
537188
537692
537732
537897
538024
538259
538356
538359
538426
538433
538455
538490
538589
538594
538668
538868
539000
539109
539171
539455
539820
539935
540217
540477
540581
540839
541161
541237
541347
541574
541613
541963
542010
542045
542147
542530
542681
542959
543012
543382
543437
543634
543934
543983
544175
544291
544540
544544
544585
544914
545005
545290
545515
545524
545793
545875
545953
546019
546935
547118
548094
548362
548379
548728
549067
549687
549853
549878
549943
550170
550177
550318
550926
551014
551538
551792
551890
551906
552351
552683
552697
553192
554027
554219
554458
554474
554604
555282
555573
556107
556112
556255
556491
556607
556649
556672
556730
556731
556971
557119
557207
557332
557976
558179
558281
558699
558737
558995
559062
559223
559533
559731
559934
560257
560297
560481
560525
560619
561599
561878
562055
562084
562137
562143
562218
562398
562759
562797
562862
563223
563430
563573
563784
564197
565308
565396
565472
565867
565874
566039
566157
566422
566585
566772
567077
567222
567348
567536
567671
567874
568042
568517
568614
568853
568876
568957
569220
569505
569615
569791
569863
570123
570240
570244
570495
570710
570803
570893
570956
571002
571017
571111
571728
572378
572402
572720
574640
574803
575018
575091
575221
575464
575905
575922
576132
576268
576406
576879
577074
577120
577157
577425
577985
578058
578173
578404
578406
578869
578972
579208
579352
579358
579531
579586
579605
579675
579677
579692
579722
579877
580141
580351
580443
580552
580568
580639
580700
580755
580977
581015
581323
581436
581562
581756
581786
581938
582190
582304
582440
582594
582642
582682
582848
583130
583297
583341
583352
583747
584067
584117
584497
584849
584966
585650
585700
585872
586041
586191
586252
586289
586351
586374
586456
586487
586674
586734
587150
587341
587505
587926
588086
588218
588246
588261
588637
588906
588919
589043
589308
589310
589311
589569
589649
589995
590303
590400
590757
590871
590960
591212
591313
591902
592533
592736
592784
592924
593366
593535
593605
593614
593684
593732
593803
593980
594163
594342
594697
595296
595413
596014
596338
596482
596702
596894
597029
597451
597487
597573
597675
597732
597871
598095
598147
598215
598480
598610
598632
598981
599006
599248
599342
599452
599686
599722
599944
599972
600271
600596
600739
601081
601489
602379
602627
603275
603610
603790
603910
603960
603993
604507
604520
604663
604827
604938
605145
605147
605181
605246
605568
605610
606004
606127
606157
606164
606614
606625
606692
606923
607198
607375
607503
608020
608255
608746
608854
608961
609034
609336
609669
609847
610808
610828
610904
610954
611441
611734
612017
612385
612691
612907
612926
613025
613456
613692
614549
614792
614938
614957
615222
615365
615539
615984
616091
616311
616347
616436
616609
616757
617583
618082
618267
618339
618541
618754
619006
619044
619112
619271
619272
619308
619491
620029
620046
620312
620428
620651
620755
620796
621160
621649
622337
622382
622520
622832
622873
623078
623570
623843
624134
624397
625159
625571
626217
626340
626419
626614
626806
626964
627043
627064
627140
627406
627635
627753
627760
627937
628144
628251
628746
628756
628789
629224
629249
629279
629493
629567
629748
630061
630099
630344
630363
630439
631130
631250
631746
631961
632373
632393
632417
632601
632788
632960
633058
633071
633094
633312
633393
633559
633764
633916
634112
634200
634354
634376
634379
634512
634596
634763
634843
634959
635196
635641
636214
636233
636258
636624
637130
637238
637275
637473
637543
637565
637944
638060
638218
638309
638474
638545
638657
639292
639292
639419
639782
640318
640433
640583
640643
641182
642203
642350
642706
642874
642934
642986
643657
643671
643803
644023
644276
644591
644680
644883
645149
645652
645699
645891
646007
646031
646059
646115
646627
647033
647220
647259
647285
647285
647325
647359
647396
647626
647650
647722
648121
648465
648531
648654
648945
649034
649257
649595
649605
650049
650131
650171
650404
650456
650498
650599
650648
650686
650813
650915
651007
651057
651204
651260
651471
651490
651622
651627
651630
651877
651975
652194
652553
652584
652713
652933
652954
653125
653291
653623
653770
653782
654467
654686
654741
655208
655298
655315
655364
655642
655855
656216
656397
656400
656486
656825
657012
657125
657230
657602
657798
657908
658235
658292
658415
658840
658849
658974
659171
659244
659264
659321
659495
660331
660398
660430
660928
660984
661057
661208
661335
661381
661438
661545
661592
661694
661765
661977
662017
662622
662813
662823
662900
663060
663131
663257
663258
663268
663348
663474
663731
663755
663799
663818
663886
664026
664115
664138
664147
664204
664409
664613
664646
664715
664868
665239
665386
666108
666364
666690
666899
667283
667578
667643
667746
667887
668157
668999
669038
669216
669351
669356
669522
669943
670664
670699
670712
670724
670965
670966
671215
671654
671869
672012
672636
672965
673195
673875
673919
674173
674226
674335
674437
674485
674485
674817
675329
675496
675520
675551
675572
675831
676551
676647
677364
677811
677855
677945
678124
678149
678292
678490
678808
679235
679382
679431
679507
679516
679644
679840
679917
680091
680560
680741
680772
680983
681301
681409
681548
681702
682050
682299
682352
682493
682564
682647
682889
683630
683871
683907
684152
684174
684760
684800
685188
685733
685899
686191
686194
686791
687063
688063
688334
688481
688578
689126
689607
689827
690383
690518
690587
690706
690744
690745
690799
690842
690861
691649
691710
691727
691925
691960
692203
692421
692708
693233
693268
693276
693674
694483
694522
694554
694639
694761
694894
695232
695335
695906
696513
696576
696616
696662
696933
696949
697054
697093
697279
697335
697441
697747
697944
698244
698297
698410
698426
698463
698472
698473
698684
699369
699464
699515
699559
699672
699955
700860
700870
700902
701059
701074
701119
701512
701677
701946
702049
702568
702568
702785
702864
703121
703133
703203
703250
703396
704064
704263
704293
704362
704368
704428
705079
705268
705402
705592
705779
705885
706068
706552
706646
706657
707149
707744
708339
708452
708469
709186
709297
709531
709791
710331
710343
710460
710507
710571
710788
710968
711180
711283
711332
711348
711417
711490
711531
711750
711949
712034
712095
712123
712423
712858
712898
713621
713718
713757
713874
714070
714072
714165
714626
714660
714967
715005
715167
715181
715358
715516
715660
716326
717127
717625
717735
717806
717830
718060
718108
718374
718377
718396
718500
718525
718554
718585
719228
719455
720235
720946
721199
721226
721356
721366
721403
721587
721857
722064
722197
722579
722897
723037
723226
723377
723389
723763
723764
723830
723965
724272
724312
724541
724612
724619
724641
724648
724743
724797
725137
725359
725360
725620
725820
726217
726460
726642
726910
727437
727721
727730
727753
728023
728249
728366
728817
728886
729009
729083
729618
729794
730210
730471
730555
730571
730677
730985
731037
731298
731636
731642
732180
732270
732470
732863
732990
733060
733256
733314
733774
733902
734146
734337
734359
734594
734646
734695
734821
734891
734981
735447
735509
735902
736222
736417
736695
736743
736849
736879
737016
737074
738310
738456
738508
738536
738633
738896
739072
739293
739409
739551
739977
740065
740270
740315
740573
740671
741241
741478
741652
741656
742013
742140
742167
742215
742441
742623
742695
743578
743583
743692
744066
744337
744341
744650
745007
745641
745716
746515
746566
746942
747122
747157
747192
747301
747481
747803
747808
748180
748181
748290
748433
748497
748732
748837
748890
749032
749296
749378
750050
750089
750351
750630
750682
750920
751473
751624
752102
752179
752287
752395
752615
752821
753919
753959
754041
754041
754134
754290
754403
754498
754796
755005
755162
755511
755545
755746
755828
756016
756059
756211
756559
756669
756993
757075
757232
757904
758041
758148
758521
758983
759054
760462
760556
760631
761037
761095
761642
761660
761705
761783
762406
762559
762645
762699
762855
763043
763609
764047
764496
764523
764578
764720
764871
765178
765236
765302
765308
765396
765466
765778
765901
765960
765999
766039
766265
766570
766758
766955
767122
767130
767500
767529
767883
768129
768385
768532
768536
768899
769189
769301
769633
769698
769773
770261
770487
770733
771560
771621
771669
772014
772512
772855
773167
773205
773290
773874
773984
774093
774170
774693
774809
774927
775443
775611
776010
776068
776079
776519
776532
776638
776694
776853
776951
777043
777100
777355
777492
777580
778020
778363
778396
778411
778549
778916
778992
779282
779369
779606
779787
779913
780119
780147
780264
780423
780661
780698
780921
781285
781487
781719
782276
782362
782489
783042
783052
783204
783459
783675
783703
783823
783933
783992
784008
784468
784530
784751
784885
784985
785021
785095
785174
785216
785592
785872
786156
786320
786697
786947
786947
787352
787412
787469
787623
787681
787705
788076
788116
788485
788512
788952
788958
789005
789623
789737
789808
790297
790506
791016
791049
791051
791090
791150
791346
792014
792184
792230
792693
792749
792938
793074
793306
793426
793492
793902
794759
795029
795386
795795
796023
796240
796403
797252
797272
797322
797848
798131
798435
798464
798538
799027
799113
799427
799785
799953
800127
800809
801048
801180
801291
801537
801668
801704
801872
802095
802134
802252
802300
802667
802700
802728
802785
802851
802960
803181
803477
803918
804089
804466
804835
804945
804991
805065
805102
805200
805488
805502
805682
805918
806362
806475
806613
806785
806943
807376
807580
808098
808703
808892
808981
809047
809241
809261
809398
809409
809448
809480
809888
809907
809943
810975
811113
811135
811185
811464
811550
811585
811688
811771
811878
811995
812024
812434
812484
812537
812696
812840
813114
813399
813612
813748
813774
813796
813830
814167
814338
814717
814718
814803
814905
814916
814971
815177
815777
815859
815902
816011
816049
816154
816317
816737
816995
817159
817956
817988
818529
818692
818807
818827
819049
819145
819395
819408
819685
819713
819721
819727
819748
819782
819796
819798
819864
820223
820322
820354
820356
820593
820704
820839
821010
821319
821389
821546
821854
822239
822486
822831
822953
823076
823097
823131
823662
823751
823825
823841
823885
823936
824074
824114
824167
824431
824496
824513
824770
825016
825065
825219
825227
825257
825627
825627
825679
825939
826471
826689
826719
826865
826960
827058
827063
827274
827906
828023
828085
828138
828797
828871
828927
829018
829142
829414
829507
829569
829831
829918
830033
830246
830645
830997
831100
831590
831600
831813
831907
832085
832141
832226
832551
832635
832798
833064
833404
833550
833768
834103
834126
834234
834338
834592
834632
834667
834738
834763
835062
835085
835166
835398
835510
835552
836116
836145
836158
836317
836474
836714
836885
836996
837828
837895
837923
837949
837951
837973
838023
838135
838195
838262
838767
838774
839062
839256
839444
839503
839690
839695
839897
839932
839972
840217
840266
840544
840575
840683
840878
841346
841487
841531
841731
841806
842171
842172
842176
842311
842413
842596
842723
842745
842852
843018
843070
843129
843772
843956
843959
844148
844285
844546
844702
844746
845198
845287
845364
845421
845780
846382
846541
847051
847072
847191
847204
847340
847418
847484
847618
847816
847833
847957
848126
848155
848290
848926
849036
849304
849472
849621
850035
850088
850409
850625
851588
851614
851639
851640
852063
852070
852297
852714
852840
853052
853274
853426
853751
854607
854674
854949
855032
855069
855089
855260
855450
855524
855530
855688
855805
855811
855814
856003
856170
856446
857007
857066
857218
857287
857417
857923
858031
858624
858692
858721
859031
859101
859297
859605
859685
859790
860215
860443
860730
860778
860936
861146
861290
862082
862099
862528
862968
863053
863319
863507
863618
863671
863750
863986
864342
864501
864510
864599
864645
864812
864917
865584
865912
866340
866536
867345
867500
867543
867548
868009
868607
868641
868865
869227
869253
869582
869704
870105
870343
870400
871017
871153
871395
871532
871566
871706
871781
871925
871983
872144
872404
872682
873120
873129
873189
873366
873404
873419
873883
874029
874090
874309
874380
874834
875003
875163
875175
875190
875622
875723
875754
875941
876157
876298
876518
876874
876913
877398
877779
877800
878024
878075
879253
879283
879389
879773
880051
880171
880346
880410
880553
880661
880676
880748
880853
881137
881587
881745
881939
881951
883065
883079
883088
883162
883451
883613
883682
883688
883921
884127
884133
884363
884492
884675
884738
884816
885277
886090
886139
886225
886406
887025
887290
887506
887726
887927
888046
888098
888155
888230
888384
888474
888594
888699
888820
889439
889536
889707
890089
890699
890831
890884
890913
891151
891420
891486
891624
891766
891970
892216
892717
892999
893132
893180
893322
893333
893530
893556
893687
893921
893922
894016
894029
894815
894881
895010
895239
895450
895752
895826
896030
896323
896368
896692
897529
897688
897709
898330
898337
899005
899235
899839
899857
899881
900842
901178
901228
901825
901836
901853
903062
903246
903248
903292
903711
903719
903822
903968
904677
904855
904984
905267
905325
905350
905395
905397
905480
906266
906279
906388
906389
906875
907045
907326
907434
907472
907624
907827
908538
908571
908670
908931
908952
909020
909134
909555
910250
910267
910308
910480
910821
910835
910837
910909
910981
911049
911287
911374
911458
911607
911943
912148
912174
912374
912674
912892
913156
913434
913612
913914
914001
914135
914677
914738
914852
914972
915000
915019
915087
915120
915410
915453
915931
916276
916751
916935
916988
917265
917358
917392
917616
917707
917893
917900
918053
918352
918735
919113
919150
919215
919230
919300
919353
919777
919996
920266
920287
920321
920568
920947
921139
921280
921551
921884
921935
922064
922119
922328
922475
922515
922624
922744
923226
923272
923604
923933
923946
924006
924103
924241
924441
924479
924491
924606
924807
924890
924916
925581
926283
926352
926424
926544
927016
927070
927150
927386
928226
928289
928318
928417
928680
928732
928809
928885
928891
929750
929764
929821
929861
930151
930375
930507
930941
930950
931205
932001
932090
932408
932510
932982
933041
933316
933444
933467
933511
933589
933643
934151
934482
934699
934769
935059
935167
935257
935293
935405
935425
935851
935899
936542
936880
937054
937281
937369
937804
937871
937900
937982
938034
938175
938241
938351
938438
938624
938669
938719
939099
939151
939760
940221
940299
940361
940913
941172
941193
941456
941917
942163
942371
942494
942512
942530
942627
942648
942789
942851
943357
943430
943607
943622
943854
943915
943922
943998
944033
944050
944062
944314
944465
944667
944760
945022
945068
945296
945629
945804
945868
945913
946183
946577
946626
946737
946807
947001
947136
947331
947343
947535
947628
948020
948464
948473
948495
948777
949122
949234
949234
949278
949605
949730
949754
949934
949949
950014
950070
950124
951249
951305
951334
951468
951522
951600
951990
952110
952136
952283
952417
953050
953057
953218
953249
953559
953656
954051
954357
954363
954603
954782
954892
954900
955231
955373
955482
955765
955977
956341
956342
956777
957707
957789
957994
958167
958181
958698
959089
959298
960276
960903
960956
961052
961129
962709
962775
962779
963304
963362
963764
963828
963892
964389
964641
964771
965172
965559
965569
965900
966014
966021
966080
966093
966202
966422
966564
966936
967204
967391
967818
968017
968454
968463
968518
968667
969680
969975
970180
970366
970380
970400
970658
970663
970978
971217
971248
971493
971618
971625
971649
971669
972527
972733
973136
974046
974176
974922
975063
975934
976020
976045
976361
976415
976627
976975
977755
977960
978198
978643
979089
979222
979235
979594
979745
979915
980445
980511
980575
980631
980683
980803
980813
980863
980980
981227
981999
982098
982181
982361
982385
982449
982600
982796
983280
983420
983457
983898
984169
984338
984460
985086
985327
985393
985430
985434
985825
985938
986072
986076
986209
986233
986392
986581
986746
986779
986871
987248
987448
987619
987665
988233
988375
988642
988687
988723
988794
988821
988824
988910
989167
989216
989491
989588
989695
989723
989750
989751
990064
990250
991000
991203
991298
991341
991686
991979
992502
992575
992726
993302
993988
994179
994332
994383
994629
994759
995122
995239
995762
995867
995966
996116
996253
996412
996913
997419
997463
997513
997571
997618
997810
997891
997966
998159
998257
998601
998611
998644
999225
999588
999855
999870
