10000
1003
1086
1121
1221
1233
1305
1397
1399
1416
1462
1468
1477
1604
1635
1845
1974
2033
2143
2421
2422
2507
2634
2645
2754
2789
3078
3230
3312
3511
3627
3730
3796
3796
3882
4093
4940
5154
5269
5328
5370
5432
5569
5601
5636
5718
5808
6064
6428
6465
6553
6562
6562
6652
6844
6902
7074
7143
7512
7522
7746
7759
7823
7869
8164
8297
8314
8476
8739
8811
8813
8956
8958
9095
9198
9253
9435
9460
9584
9635
9992
10144
10344
10362
10491
10598
10902
10999
11020
11359
11732
11927
11967
12045
12117
12248
12481
12567
12659
12774
12792
12843
12889
13015
13046
13163
13184
13357
13385
13456
13625
13691
13775
13836
13851
14482
14563
14612
14821
15088
15370
15603
15747
15942
16073
16167
16263
16422
16678
16696
16697
16902
16915
16935
17212
17304
17344
17441
17575
17597
17648
17671
17893
18007
18054
18094
18412
18449
18453
18492
18523
18535
18542
18598
18656
18719
18766
18815
18816
18874
18977
19204
19337
19396
19461
19524
19573
19591
19658
19660
19684
19967
20038
20081
20245
20284
20312
20437
20501
20548
20633
20652
20896
21233
21279
21479
21485
21537
21584
21602
21670
21965
22095
22138
22451
22631
22763
22782
22804
23146
23460
23528
23589
23626
23663
23751
23849
23857
23902
23960
23985
24045
24391
24572
24869
24916
24939
25038
25042
25092
25176
25376
25383
25385
25563
25625
25777
25883
25897
26012
26034
26045
26054
26103
26180
26198
26313
26651
26770
27080
27145
27244
27462
27524
27605
27706
27720
27745
27943
27953
28006
28061
28198
28221
28429
28522
28529
28606
28681
28775
28945
28962
29024
29072
29103
29182
29344
29541
29682
29794
29852
29907
29949
30228
30298
30398
30407
30414
30686
30750
30969
31132
31149
31372
31412
31473
31527
31678
31804
31825
31844
32018
32020
32127
32152
32417
32563
32726
32743
32820
32926
32962
32983
33009
33146
33264
33435
33609
33631
33675
33712
33727
33905
33928
33968
34134
34207
34315
34326
34421
34433
34495
34503
34586
34652
34821
34859
34909
35021
35096
35301
35590
35663
35729
35800
35813
36369
36436
36600
36638
36864
37065
37438
37534
37560
37737
37773
37794
37907
38024
38284
38300
38373
38407
38426
38559
39143
39367
39465
39475
39517
39525
39534
39849
39864
39931
39931
40120
40314
40321
40369
40444
40455
40497
40619
40623
40668
40825
40926
40935
40953
41034
41061
41159
41298
41365
41374
41509
41542
41555
41649
41749
41797
41901
42030
42095
42147
42554
42567
42627
42760
42825
42829
42873
42886
42914
42945
43002
43129
43187
43502
43534
43672
43747
43755
43786
43845
43847
43852
43997
44023
44075
44132
44249
44265
44270
44453
44524
44597
44657
44657
44975
45135
45178
45527
45559
45593
45809
45813
45987
46031
46047
46094
46221
46288
46294
46312
46358
46490
46542
46628
46662
46697
46735
46751
46778
46840
47012
47093
47123
47138
47181
47295
47321
47329
47334
47384
47390
47397
47656
47768
47882
48370
48466
48575
48728
48887
48919
49076
49137
49215
49362
49614
49673
49864
49911
49940
49941
50040
50260
50270
50365
50433
50487
50637
50696
50759
50829
50852
51038
51066
51135
51175
51203
51314
51347
51387
51419
51474
51509
51513
51595
51596
51617
51654
51728
51892
51916
52104
52137
52231
52279
52328
52355
52389
52467
52467
52489
52586
52607
52675
53038
53296
53448
53562
53732
53772
53806
53946
54060
54091
54295
54375
54560
54579
54683
54722
55018
55513
55583
55673
55686
55852
55911
55933
55937
56016
56087
56116
56151
56507
56598
56621
56657
56659
56962
57295
57350
57479
57525
57592
57655
57679
57805
57834
58209
58438
58885
59036
59063
59131
59188
59203
59348
59364
59481
59694
59730
59802
59943
59961
60058
60117
60187
60262
60313
60314
60565
60586
60821
60849
60852
60998
61024
61200
61270
61605
61667
61706
61778
61831
62175
62195
62259
62445
62560
62641
62827
62831
62982
63202
63219
63231
63257
63467
63479
63495
63603
64006
64161
64212
64272
64283
64420
64489
64521
65391
65421
65680
65770
65853
65962
66015
66018
66088
66089
66159
66183
66209
66220
66306
66454
66473
66539
66664
66774
66898
67210
67234
67617
67888
67955
67956
68184
68191
68434
68466
68532
68849
68903
68997
69018
69061
69097
69525
69668
69733
69781
69832
69887
70127
70516
70560
70645
70779
70982
71012
71044
71119
71378
71491
71546
71560
71901
71958
72207
72242
72263
72328
72385
72460
72733
72748
72902
72980
73057
73089
73195
73278
73389
73491
73516
73834
73865
74036
74217
74260
74279
74344
74435
74486
74580
74676
74697
74755
74860
75258
75431
75583
75609
75699
75730
75848
76087
76151
76181
76322
76504
76580
76714
76966
77032
77091
77214
77229
77272
77291
77493
77520
77575
77615
77622
77650
77727
77806
77808
78136
78194
78288
78291
78308
78354
78408
78418
78502
78535
78731
78746
78820
79145
79183
79237
79247
79366
79437
79440
79622
79693
79970
80127
80346
80373
80391
80447
80469
80583
80598
80823
81104
81158
81306
81490
81626
81849
81876
81899
81905
82014
82118
82216
82276
82281
82284
82533
82547
82554
82631
82787
82800
82823
82845
82981
82984
82997
83045
83071
83080
83317
83366
83507
83545
83568
83796
83801
83833
83921
84027
84110
84123
84141
84298
84653
84732
84764
84777
84808
85074
85135
85141
85153
85159
85264
85413
85574
85593
85661
85680
85693
85702
85744
85761
85776
85858
86008
86030
86052
86088
86456
86607
86823
86831
87116
87314
87460
87744
87785
88152
88308
88383
88484
88759
88786
88839
89088
89133
89219
89224
89455
89659
89713
89795
89970
90268
90304
90359
90525
90633
90688
90706
90775
91248
91254
91402
91435
91497
91507
91566
91897
91970
92034
92052
92154
92208
92230
92305
92384
92405
92458
92488
92545
92719
92751
92970
93013
93036
93079
93192
93201
93332
93340
93441
93495
93605
93608
93663
93709
93779
93800
93925
93963
94199
94248
94403
94463
94472
94614
94838
94917
94946
95036
95046
95170
95187
95246
95358
95433
95906
95921
96086
96105
96134
96238
96253
96348
96385
96493
96660
96676
97005
97060
97129
97471
97586
97652
97733
97808
97865
97885
97957
97988
98033
98036
98153
98192
98249
98298
98324
98424
98489
98671
98740
98813
98816
98934
99117
99186
99228
99299
99380
99562
99598
99613
99723
99939
100002
100151
100314
100325
100403
100446
100470
100489
100590
100593
100668
100729
100771
100845
100892
100947
100995
101105
101179
101195
101446
101448
101631
101651
101755
101773
101792
101865
101901
101916
102048
102081
102131
102193
102208
102226
102253
102256
102277
102495
102537
102617
102647
102657
102730
102972
103062
103163
103285
103325
103360
103422
103622
103634
103774
104096
104239
104252
104306
104389
104528
104762
105014
105068
105096
105185
105325
105526
105695
105696
105852
105859
105976
106231
106319
106378
106413
106423
106511
106715
106799
106857
106960
107011
107177
107182
107287
107441
107488
107583
107672
107835
108021
108171
108193
108217
108484
108663
108717
108801
108822
108882
109121
109218
109491
109650
109760
109983
110043
110054
110510
110564
110791
110846
110960
111012
111152
111192
111301
111356
111414
111448
111953
111983
112027
112244
112249
112318
112763
112908
112958
113209
113220
113242
113269
113300
113332
113348
113363
113369
113399
113432
113471
113578
113627
113783
113829
113871
113886
114149
114187
114262
114514
114520
114598
114612
114738
114739
114753
115101
115221
115310
115336
115368
115375
115467
115899
115940
116046
116152
116234
116329
116345
116432
116444
116599
116682
116827
116922
117035
117049
117095
117289
117356
117395
117405
117583
117654
117706
117973
118135
118135
118335
118429
118723
118773
118793
118887
118908
119005
119043
119186
119207
119208
119289
119399
119417
119499
119530
119623
119697
119766
119914
120312
120491
120574
120690
120723
120924
121091
121113
121133
121163
121229
121316
121339
121501
121586
121632
121650
121685
121704
121813
121830
121953
122303
122430
122482
122625
122665
122775
122817
123004
123144
123336
123484
123583
123712
123835
123911
123933
123945
123951
123953
123987
124081
124164
124236
124291
124526
124634
124928
124978
124991
125055
125099
125108
125198
125322
125373
125738
125859
125939
126038
126133
126362
126369
126369
126405
126438
126496
126515
126569
126731
126745
126839
127018
127399
127412
127473
127660
127743
127782
127783
127941
128050
128124
128155
128190
128234
128263
128275
128303
128347
128548
128579
128588
128611
128637
128820
128910
128921
129079
129130
129204
129261
129499
129964
130003
130019
130040
130122
130186
130201
130259
130308
130481
130519
130582
130740
130920
130992
130999
131000
131073
131185
131293
131444
131446
131459
131609
131675
131832
132160
132241
132414
132417
132485
132499
132598
132655
133370
133656
133807
133935
133958
134183
134216
134291
134398
134530
134568
134756
134758
134901
134964
135149
135282
135283
135368
135453
135466
135631
135684
135771
135826
135843
135927
135986
136153
136180
136198
136538
136549
136587
136594
136657
136798
136883
137020
137049
137233
137236
137248
137269
137556
137664
137712
137948
138097
138123
138619
138622
138746
138933
139000
139008
139120
139263
139363
139393
139677
139838
139844
139874
139986
140094
140296
140312
140372
140396
140424
140459
140642
140717
140767
140804
140810
140875
141277
141314
141329
141653
141659
141694
142079
142163
142277
142380
142518
142532
142709
142762
142777
142800
142848
143076
143182
143398
143533
143716
143722
143839
143972
144120
144214
144346
144551
144595
144611
144717
145185
145233
145307
145321
145377
145593
145603
145677
145811
145820
145903
145934
145992
146115
146231
146232
146348
146622
146651
146920
147343
147457
147462
147596
147641
147787
147903
148014
148190
148258
148492
148543
148620
148694
148740
148794
148795
148903
149086
149098
149108
149319
149340
149410
149435
149533
149556
149575
149610
149750
149830
150102
150118
150121
150205
150233
150256
150370
150395
150425
150744
151204
151305
151307
151348
151479
151562
151666
151704
151769
151995
152281
152453
152611
153041
153193
153211
153391
153414
153633
153707
153713
153752
153813
154010
154064
154176
154334
154361
154659
154727
154794
154863
154896
154999
155069
155250
155440
155490
155554
155589
155607
155630
155842
155860
155886
156387
156750
156811
156831
156832
156836
156955
157003
157030
157122
157134
157180
157424
157442
157479
157894
157918
158007
158031
158115
158143
158161
158292
158662
158750
158774
158918
158934
159069
159124
159330
159338
159376
159396
159461
159532
159682
159684
159924
160186
160243
160449
160505
160760
160859
160900
160914
161249
161327
161435
161475
161495
161747
161893
162034
162187
162208
162304
162315
162342
162407
162548
162566
162643
162712
162799
162807
162990
163022
163199
163280
163330
163590
163619
163625
163809
163927
164082
164117
164122
164240
164316
164508
164608
164723
164779
164951
164996
165038
165125
165131
165283
165349
165388
165604
165712
166069
166138
166190
166276
166287
166418
166462
166494
166645
166647
166692
167003
167184
167292
167423
167519
167625
167641
167643
167836
167873
168228
168259
168470
168484
168504
168569
168670
168734
168922
169113
169183
169206
169228
169229
169254
169261
169310
169367
169452
169482
169488
169693
169722
169859
170202
170326
170345
170349
170742
170744
170834
170849
170863
170868
170942
170996
171020
171023
171322
171665
171684
171692
171725
171737
171739
171759
171766
171904
171975
172166
172216
172433
172675
172686
172687
172714
172730
172912
173041
173097
173348
173466
173542
173573
173766
173896
173962
173996
174149
174153
174207
174241
174276
174398
174479
174486
174603
174698
174777
174979
175160
175296
175333
175385
175445
175532
175632
175636
175773
175785
175919
176067
176161
176223
176257
176267
176344
176371
176492
176516
176584
176590
176649
176874
176898
176930
176970
177077
177201
177281
177409
177509
177669
177807
177845
177905
178027
178088
178162
178244
178273
178341
178529
178638
178666
178693
178793
178875
178919
178963
178995
179356
179367
179811
179838
180046
180271
180378
180645
180660
180695
180821
180836
180933
180964
181012
181076
181092
181191
181509
181824
182204
182244
182352
182430
182494
182576
182659
182807
182930
183068
183091
183384
183732
183774
183841
184095
184264
184338
184391
184421
184566
184667
184729
184891
184910
185002
185036
185201
185335
185573
185606
185607
185650
185859
185908
185951
186101
186182
186309
186311
186321
186361
186768
186768
186914
187227
187319
187426
187440
187576
187578
187633
187715
187764
187809
187852
187995
188029
188147
188282
188453
188483
188592
188707
188783
189019
189109
189178
189188
189217
189816
189912
189936
189966
190065
190225
190284
190301
190357
190439
190468
190478
190645
190658
190687
190687
190790
191143
191151
191221
191264
191289
191321
191404
191427
191472
191562
191601
191694
191870
192010
192419
192534
192626
192738
192931
193039
193242
193278
193297
193311
193316
193702
193775
193880
193885
194043
194219
194241
194469
194494
194498
194538
194547
194582
194657
194819
195175
195482
195486
195613
195723
195755
195884
195901
195956
196155
196158
196195
196276
196350
196551
196708
196926
197056
197162
197268
197404
197527
197613
197753
197872
197931
198016
198031
198226
198305
198345
198474
198526
198691
198782
198828
198831
198880
198972
198979
199114
199150
199181
199192
199247
199275
199288
199429
199754
199783
199815
199820
199981
200014
200044
200177
200197
200204
200267
200274
200398
200573
200586
200762
200906
200950
201322
201417
201519
201734
201738
201764
201842
201876
201936
201982
202100
202125
202130
202137
202274
202596
202830
202867
203068
203246
203267
203442
203444
203506
203529
203723
203863
203902
204236
204238
204312
204589
204651
204675
204829
204844
205003
205049
205075
205084
205106
205206
205250
205408
205446
205456
205487
205491
205661
206063
206193
206198
206239
206259
206367
206423
206450
206641
206669
206726
206863
206974
207021
207049
207376
207605
207608
207683
207847
207937
207959
207964
208020
208128
208143
208297
208304
208319
208694
208744
208796
208948
209013
209031
209120
209235
209298
209414
209473
209550
209786
209933
210223
210236
210437
210474
210536
210859
210884
210901
210913
211037
211123
211154
211183
211415
211514
212251
212264
212354
212633
212736
212837
212865
212944
213097
213121
213149
213168
213370
213491
213562
213587
213592
213636
213712
213724
213744
213777
213938
213984
214001
214171
214395
214457
214474
214595
214652
214807
214972
215151
215249
215370
215436
215462
215627
215639
215694
215735
215788
215991
216015
216033
216054
216128
216335
216373
216448
216652
216891
217248
217311
217375
217380
217422
217440
217687
217927
217949
217960
218109
218293
218572
218648
218732
218750
219010
219252
219297
219417
219481
219550
219554
219675
219876
219950
220025
220026
220037
220240
220349
220700
220742
220870
221376
221452
221471
221595
221670
221878
222036
222111
222199
222388
222456
222505
222516
222692
223183
223321
223342
223429
223434
223593
223813
223846
223923
223972
224057
224120
224211
224331
224510
224580
224638
224744
224859
224890
225023
225217
225326
225371
225374
225822
225827
225881
225913
225913
225997
226077
226103
226167
226189
226412
226460
226597
226792
226920
227042
227179
227308
227312
227441
227485
227605
227680
227881
228001
228199
228405
228614
228744
228809
228848
228872
228995
229029
229246
229342
229385
229498
229550
229931
230007
230146
230223
230322
230419
230730
230794
230958
231189
231190
231339
231411
231481
231583
231639
231657
231709
231773
231807
231947
231949
232031
232039
232127
232168
232239
232250
232349
232483
232514
232524
232547
232630
232801
232992
233000
233095
233129
233214
233315
233331
233378
233437
233442
233521
233526
233604
233740
233764
233908
233920
234107
234204
234565
234688
234723
234868
234919
235000
235056
235229
235290
235318
235367
235374
235712
235745
235796
235807
235949
236047
236092
236278
236393
236413
236472
236570
236649
236731
236804
236855
237001
237121
237193
237211
237250
237280
237450
237720
237778
238233
238236
238239
238303
238517
238542
238858
239036
239138
239158
239191
239267
239367
239377
239400
239409
239448
239482
239491
239542
239559
239587
239638
239777
239799
239804
240025
240339
240541
240577
240659
240777
240861
241068
241127
241199
241204
241228
241419
241534
241562
241635
241640
241744
241862
241971
241994
242025
242114
242201
242288
242377
242437
242591
242691
242695
242735
242741
242790
242856
242978
243089
243381
243595
243682
243715
243722
243832
244131
244322
244462
244554
244605
244797
244835
244903
245051
245104
245203
245213
245321
245362
245387
245546
245566
245587
245690
245773
245784
245827
245857
245945
246003
246120
246165
246209
246247
246261
246468
246581
246607
246654
246692
246814
246836
246990
246995
247108
247361
247535
247648
247658
248202
248208
248210
248228
248390
248393
248415
248440
248534
248540
248865
249251
249395
249508
249677
249743
249760
249992
250001
250424
250447
250469
250594
250606
250609
250613
250654
250663
251077
251084
251094
251343
251351
251440
251462
251925
252017
252018
252053
252166
252205
252285
252292
252675
252797
252809
252888
252973
253244
253245
253490
253618
253653
253871
253901
253990
254316
254354
254486
254746
254765
254841
255054
255089
255092
255327
255372
255504
255513
255556
255640
255856
255881
255914
256014
256033
256237
256263
256399
256735
256783
256962
257037
257074
257105
257116
257242
257302
257309
257321
257409
257413
257438
257477
257478
257727
257817
257970
258042
258104
258229
258267
258308
258519
258574
258624
258688
258760
258883
259010
259415
259491
259552
259656
259801
259891
259986
260030
260073
260084
260288
260331
260560
260594
260873
261203
261327
261335
261359
261720
261748
261759
262021
262078
262206
262288
262342
262387
262427
262443
262650
262707
262723
262787
262799
262925
262970
263121
263133
263387
263404
263526
263597
263824
263825
263912
264109
264189
264249
264646
264738
264996
265020
265073
265088
265146
265289
265297
265323
265323
265325
265339
265438
265444
265624
265631
265656
265735
265835
265846
265858
265871
265914
265974
266109
266173
266442
266477
266515
266642
266801
266990
267042
267093
267147
267156
267177
267215
267275
267439
267469
267538
267558
267680
267726
267837
267941
267966
268180
268281
268399
268461
268464
268540
268655
268816
268884
269024
269211
269232
269375
269424
269579
269634
269652
269684
269685
269784
269870
270187
270205
270265
270691
270696
270739
270774
270833
270923
271004
271133
271153
271153
271212
271249
271339
271454
271535
271630
271688
271895
272202
272291
272308
272426
272488
272764
272826
272908
272979
273009
273124
273232
273461
273622
273796
273889
273899
273972
274172
274276
274282
274375
274448
274537
274603
274723
274744
274767
274869
274985
275118
275230
275274
275286
275297
275598
275619
275632
275779
275788
275795
275834
275883
275884
275907
276205
276398
276559
276567
276644
276796
276902
276957
277025
277175
277208
277327
277377
277507
277548
277659
278000
278127
278260
278322
278357
278436
278482
278722
278732
278782
278928
278942
278959
278971
279057
279461
279467
279534
279549
279575
279625
279626
279745
279931
279951
280130
280552
280766
280831
280846
281011
281023
281045
281101
281105
281206
281481
281535
281603
281785
281880
281909
281934
281982
282017
282034
282106
282119
282330
282370
282380
282589
282628
282645
282847
282878
283053
283053
283220
283307
283343
283490
283623
283732
283879
283903
283950
283967
284000
284221
284247
284310
284445
284466
284567
284641
284779
284834
285348
285355
285437
285445
285461
285563
285573
285641
285654
285760
285765
285836
285906
285911
285914
285941
285976
286008
286027
286413
286625
286939
287106
287346
287478
287553
287558
287626
287943
288249
288271
288610
288778
289003
289059
289218
289273
289698
289778
289817
289826
289919
289977
290070
290186
290246
290293
290316
290340
290385
290413
290438
290516
290719
290733
290913
291026
291085
291128
291243
291321
291349
291580
291590
291601
291702
291825
291987
292057
292140
292258
292270
292299
292351
292374
292407
292408
292451
292477
292679
292754
292783
292841
293012
293024
293032
293129
293200
293306
293367
293392
293599
293660
293717
293790
293953
294116
294138
294374
294464
294574
294586
294734
294793
294857
294871
294975
295035
295375
295548
295585
295708
295745
295774
296084
296265
296353
296404
296812
297207
297291
297315
297421
297428
297893
297907
298139
298634
298703
298770
298821
298821
299209
299348
299438
299692
299766
299785
299864
299884
299915
299979
300001
300219
300244
300290
300322
300422
300848
300929
301005
301026
301124
301138
301307
301382
301421
301587
301639
301922
301961
302038
302247
302376
302550
302610
302642
302654
302911
303117
303189
303483
303496
303543
303704
303772
303772
303908
303956
304193
304239
304366
304369
304383
304393
304446
304491
304515
304571
304613
304640
304816
305064
305302
305387
305443
305802
306084
306151
306160
306174
306381
306685
306792
306792
306874
306990
307004
307184
307311
307324
307353
307360
307444
307488
307789
307878
307900
308072
308158
308217
308231
308356
308382
308617
308656
308774
308849
309082
309303
309331
309366
309387
309453
309474
309837
309942
309946
310070
310116
310237
310284
310484
310662
310666
310711
310815
311080
311091
311255
311264
311287
311553
311818
311853
311893
311908
311924
312047
312081
312156
312389
312429
312432
312468
312536
312586
312661
312815
312844
312909
313000
313039
313128
313150
313188
313201
313255
313275
313503
313581
313582
313637
313726
314055
314076
314177
314359
314456
314573
314922
314974
315084
315153
315179
315246
315264
315312
315470
315731
315836
315993
316066
316417
316445
316490
316629
316634
316752
316923
316945
317024
317127
317196
317254
317257
317258
317309
317406
317440
317910
318344
318573
318654
318866
318895
318908
319011
319101
319161
319221
319230
319234
319270
319391
319516
319712
319845
319851
319871
320003
320246
320251
320363
320614
320620
320673
321021
321133
321158
321319
321358
321456
321484
321662
321692
322193
322195
322201
322223
322504
322526
322582
322614
322659
322745
322864
322868
323015
323055
323290
323346
323542
323775
323995
324049
324084
324106
324131
324166
324341
324399
324474
324528
324551
324715
324818
324834
324974
325038
325252
325300
325444
325483
325487
325517
325665
326089
326188
326227
326286
326342
326346
326365
326411
326465
326484
326553
326608
326762
327043
327086
327103
327230
327251
327304
327366
327373
327377
327411
327493
327649
327659
327697
327836
327854
328049
328128
328143
328199
328260
328424
328650
329085
329094
329105
329112
329383
329463
329482
329505
329521
329546
329669
329748
330155
330192
330293
330360
330476
330492
330532
331186
331255
331258
331353
331531
331543
331619
331730
331748
331900
332124
332161
332232
332400
332412
332433
332615
332695
332984
333010
333042
333203
333316
333354
333391
333462
333508
333886
333896
334008
334377
334411
334551
334570
334684
334686
335055
335298
335516
335581
335586
335746
335908
336310
336335
336570
336744
336877
336888
336900
337003
337099
337453
337750
338035
338050
338092
338168
338247
338484
338517
338603
338614
338644
338690
338848
338865
338866
339100
339170
339216
339460
339750
339830
339924
340406
340422
340519
340583
340663
340673
340680
340905
341005
341085
341102
341105
341176
341322
341556
341561
341608
341634
341732
341742
341803
341803
341853
341892
341909
341994
341994
342009
342225
342413
342714
342743
342979
343029
343095
343329
343367
343955
344165
344170
344186
344187
344238
344421
344473
344494
344644
344652
344787
344976
345148
345419
345469
345749
345762
345850
346066
346083
346134
346188
346270
346270
346274
346398
346450
346604
346692
346858
347023
347243
347413
347493
347515
347543
347616
347755
347945
348040
348108
348262
348362
348391
348433
348539
348639
348699
348738
348792
348806
348974
349031
349031
349182
349199
349316
349368
349433
349685
349726
349732
349830
349930
349960
350185
350337
350452
350452
350491
350506
350538
350633
350726
350796
350904
351033
351073
351119
351156
351289
351308
351393
351515
351531
351724
351808
351854
351892
351927
352005
352141
352163
352585
352679
352694
352846
352869
352926
352934
353008
353022
353109
353124
353208
353369
353388
353411
353492
353636
353830
353939
353978
354058
354079
354152
354234
354249
354279
354351
354454
354476
354487
354533
354755
354919
355020
355059
355183
355239
355246
355253
355343
355355
355466
355540
355554
355837
355843
355925
356257
356447
356520
356542
356712
356806
356808
357015
357026
357104
357125
357160
357267
357414
357414
357417
357550
357706
357812
357815
357855
357910
357937
358053
358104
358319
358535
358748
358800
358963
359024
359038
359154
359464
359565
359591
359606
359616
359637
359859
359938
360003
360183
360296
360375
360718
360743
360777
360797
360876
360893
361040
361355
361482
361502
361690
361695
361700
361707
361812
361897
362150
362583
362601
362927
362929
363117
363177
363247
363414
363452
363553
363566
363635
363694
363760
363835
363916
363977
364022
364201
364351
364377
364407
364422
364438
364529
364885
365155
365264
365278
365414
365419
365602
365637
365640
365684
365689
365840
366118
366358
366477
366490
366502
366710
366743
366750
366850
366854
366898
366935
366942
367313
367361
367364
367482
367549
367581
367592
367719
367835
368038
368375
368378
368451
368530
368556
368689
368891
369063
369180
369443
369452
369496
369652
369835
369888
370083
370196
370227
370353
370375
370552
370574
370643
370684
370765
371045
371246
371656
371722
371803
371923
371953
372085
372132
372282
372350
372403
372630
372927
372980
373049
373080
373082
373163
373191
373362
373562
373999
374019
374037
374197
374198
374408
374551
374586
374593
374641
374905
374936
374988
375069
375284
375315
375507
375681
375798
375994
376048
376061
376262
376379
376388
376423
376648
376686
376758
376779
377203
377291
377373
377592
377602
377678
377803
377847
377866
378116
378180
378262
378264
378435
378506
378538
378585
378665
378911
378928
379133
379144
379218
379241
379366
379546
379690
379702
379795
379973
380136
380206
380212
380364
380379
380398
380454
380456
380576
380609
380808
380939
381056
381147
381295
381325
381420
381526
381783
381995
382043
382106
382265
382386
382407
382465
382515
382586
382657
382700
382723
382741
382871
382901
383080
383091
383127
383192
383379
383401
383581
383642
384022
384082
384167
384325
384440
384568
385113
385128
385314
385432
385452
385484
385542
385547
385863
385954
386051
386102
386276
386292
386332
386762
386795
386861
386907
387005
387051
387074
387110
387123
387217
387223
387246
387397
387434
387448
387781
387801
387928
387983
388104
388123
388256
388445
388551
388561
388574
388753
388793
388819
388906
389078
389105
389187
389359
389394
389409
389455
389527
389712
389762
389899
390056
390118
390281
390377
390559
390633
391218
391333
391444
391488
391559
391595
391666
391713
392172
392173
392179
392225
392498
392542
392695
392759
392791
392840
392909
393115
393296
393437
393513
393665
393744
393853
393876
393882
393890
393934
393986
394155
394215
394418
394464
394675
394678
394816
394883
394885
395029
395044
395048
395048
395138
395332
395400
395474
395546
395733
395743
395816
395892
396073
396087
396130
396161
396292
396323
396329
396414
396537
396577
396690
396856
396962
396968
397039
397112
397165
397206
397282
397418
397466
397536
397721
397780
397880
398028
398121
398259
398326
398364
398489
398527
398596
398689
398704
398983
399281
399456
399616
399696
399882
400071
400240
400283
400321
400423
400436
400468
400686
401155
401407
401497
401733
401832
401904
401962
402094
402300
402301
402361
402552
402591
402603
402743
403111
403123
403144
403406
403635
403645
403786
403908
403938
404202
404418
404490
404654
404672
404741
404751
404872
405016
405322
405379
405380
405501
405540
405560
405579
405806
406011
406030
406243
406263
406281
406424
406440
406456
406501
406704
406789
406795
407005
407094
407113
407149
407203
407283
407367
407462
407569
407833
407841
407908
407941
408378
408406
408621
408694
408753
408775
408836
408869
408989
409042
409060
409123
409197
409199
409242
409324
409349
409351
409357
409457
409804
409943
409947
409963
410067
410117
410249
410271
410314
410700
410747
410753
410960
411027
411148
411222
411244
411412
411505
411590
411617
411697
411761
411807
411846
411898
412157
412350
412533
412595
412632
412759
412897
412929
412965
413463
413550
413817
413842
413914
414100
414370
414619
415103
415176
415286
415292
415294
415662
415779
415847
415944
416009
416193
416270
416317
416389
416608
416654
417097
417144
417150
417168
417387
417425
417434
417528
417688
417813
417846
417850
418028
418124
418180
418330
418438
418548
418663
418766
418840
418977
419067
419134
419173
419280
419396
419453
419717
419888
419891
419967
420159
420196
420526
420802
420835
420991
421024
421033
421043
421178
421509
421594
421608
421631
421708
421832
421885
422120
422133
422176
422578
422704
422771
422801
422845
422969
422991
423112
423144
423267
423450
423545
423605
423645
423717
423936
424162
424220
424345
424410
424453
424535
424587
424648
424909
424960
425005
425012
425070
425094
425179
425532
425628
425678
425784
425816
425871
425906
425988
426036
426183
426429
426610
426650
426687
426704
426824
426903
427006
427128
427150
427202
427236
427320
427455
427535
427574
427578
427686
427725
427744
427779
427802
427835
427871
428154
428233
428531
428592
428598
428668
428778
428880
429105
429191
429263
429602
429605
429686
429693
429888
429893
429946
429997
430034
430053
430058
430242
430290
430322
430330
430433
430441
430532
430609
430626
430687
430903
430974
430995
431051
431065
431074
431093
431269
431717
431815
431870
431970
431973
432270
432283
432313
432371
432372
432511
432578
432602
432681
432725
433065
433133
433167
433306
433318
433408
433558
433563
433643
433897
434012
434093
434117
434125
434230
434243
434269
434409
434453
434505
434937
435073
435173
435588
435731
435886
436009
436082
436195
436359
436460
436619
436823
436852
437119
437171
437179
437350
437563
437617
437727
437730
437731
437735
437871
437887
437933
438148
438150
438291
438306
438358
438405
438623
438636
438733
438735
438950
439090
439092
439092
439111
439148
439218
439244
439361
439411
439454
439569
439612
439632
439688
440056
440369
440511
440732
440826
440826
440915
440957
441038
441107
441162
441265
441328
441545
441602
441708
441746
441857
441866
441905
441949
441953
442034
442205
442220
442263
442333
442445
442631
443024
443043
443074
443077
443107
443171
443178
443400
443407
443553
443633
443742
444151
444159
444170
444191
444406
444431
444531
444628
444714
444734
444803
444868
444923
445018
445058
445096
445270
445307
445333
445337
445421
445449
445460
445493
445577
445765
445769
445825
445897
446094
446584
446998
447054
447136
447199
447270
447496
447574
447680
447685
447907
447982
448107
448119
448135
448139
448240
448329
448407
448504
448769
448817
449043
449205
449387
449439
449443
449496
449600
449731
449751
449811
449819
449834
449893
449900
450227
450240
450247
450298
450321
450573
450792
450848
450961
451351
451359
451398
451520
451532
451614
451616
451617
451708
451806
452047
452127
452164
452188
452294
452352
452355
452403
452443
452561
452567
453009
453145
453150
453179
453262
453338
453458
453568
453609
453623
453782
453861
454118
454132
454143
454256
454641
454777
454802
455018
455019
455138
455165
455231
455267
455378
455563
455589
455658
455758
455790
456216
456237
456249
456263
456282
456476
456897
457063
457124
457193
457280
457359
457406
457417
457472
457553
457700
457750
458096
458141
458473
458485
458766
458798
458808
458814
459049
459124
459294
459314
459340
459392
459413
459453
459556
459571
459874
459908
459920
460180
460229
460256
460404
460708
460762
461000
461079
461171
461312
461337
461391
461450
461489
461672
461723
461783
462745
462810
462896
462913
462926
463081
463112
463190
463234
463361
463628
463700
464251
464424
464558
464715
464735
464786
464862
464918
464921
465124
465323
465343
465362
465390
465432
465468
465608
465717
465729
465825
466172
466211
466216
466397
466538
466582
466627
466863
466958
467075
467115
467119
467213
467249
467528
467640
467787
467821
467847
467854
467935
467960
468050
468079
468087
468164
468352
468382
468527
468573
468885
469019
469053
469715
469869
469947
470015
470025
470158
470302
470339
470538
470638
470822
470869
470897
470952
471198
471493
471547
471641
471791
472150
472173
472177
472368
472603
472688
472913
473072
473081
473248
473313
473408
473532
473578
473798
473860
474010
474016
474076
474126
474127
474130
474155
474254
474300
474376
474389
474449
474619
474751
474954
475245
475319
475393
475432
475676
475821
475852
475856
476030
476218
476324
476404
476454
476576
476739
476800
476833
476942
476954
477018
477081
477089
477348
477508
477527
477533
477663
477735
477745
477786
477949
477950
478126
478164
478223
478466
478527
478590
478646
478784
478823
478844
478991
479008
479039
479204
479411
479603
479609
479715
479727
479857
480015
480086
480088
480090
480158
480295
480470
480740
480945
481026
481056
481171
481262
481547
481590
481608
481991
482008
482126
482218
482414
482435
482439
482604
482810
482904
482982
483165
483325
483481
483527
483535
483613
483641
483688
483692
483731
483757
483931
483952
484334
484489
484503
484520
484679
484806
484896
484992
485053
485111
485209
485262
485282
485448
485699
485919
486051
486151
486151
486311
486331
486336
486399
486465
486548
486660
486680
486698
486733
486844
486850
487245
487306
487511
487748
487986
488032
488142
488157
488174
488181
488202
488466
488649
488653
488816
489208
489240
489403
489408
489654
489705
489779
489950
490136
490139
490290
490300
490472
490825
490877
490972
491207
491498
491561
491731
491957
491969
492266
492359
492378
492931
493076
493131
493227
493421
493564
493604
493735
493918
493944
493977
494268
494443
494508
494588
494596
494643
494780
494837
494881
494918
495064
495071
495255
495299
495429
495464
495617
495643
495716
495751
495854
495902
496013
496061
496079
496158
496309
496342
496409
496471
496655
496966
496987
497061
497115
497135
497186
497243
497286
497616
497641
497757
497809
497932
497953
498024
498049
498171
498238
498254
498328
498523
498621
498675
498685
498705
498709
498710
498785
498842
498856
498976
498977
498995
499022
499037
499100
499178
499234
499264
499284
499316
499349
499360
499369
499376
499480
499526
499529
499842
499874
499989
500028
500051
500104
500358
500368
500517
500535
500543
500583
500594
500744
500829
500833
500972
501078
501103
501158
501334
501476
501481
502025
502090
502092
502116
502192
502222
502243
502428
502453
502730
502797
503079
503115
503126
503141
503183
503286
503291
503536
503740
503944
504043
504076
504185
504217
504335
504428
504449
504524
504547
504579
504840
504971
504982
505138
505207
505282
505500
505534
505545
505655
505722
505938
505974
506100
506281
506331
506378
506464
506694
506718
506839
507062
507209
507217
507231
507245
507246
507272
507417
507605
507606
507686
507797
507896
508029
508083
508165
508261
508332
508355
508373
508491
508579
508587
508645
508698
508895
508965
508969
509025
509027
509109
509118
509276
509314
509347
509359
509565
509925
510049
510061
510100
510163
510357
510373
510407
510468
510501
510645
510807
510860
511040
511174
511195
511235
511261
511303
511480
511647
511740
511774
511994
512041
512093
512337
512706
512751
512776
512852
513321
513351
513479
513557
513671
513755
513798
513853
513934
513946
514005
514073
514231
514318
514323
514348
514580
514726
514838
514928
514972
515160
515184
515381
515392
515417
515475
515638
515866
516025
516180
516311
516354
516593
516612
516694
516745
516949
516994
517006
517026
517225
517263
517573
517637
517732
517752
517797
517902
518025
518200
518239
518422
518672
518739
519019
519047
519106
519265
519475
519536
519611
519690
519713
519724
519939
519963
519964
520277
520322
520568
520665
520788
520950
520971
520999
521261
521306
521468
521676
521752
521824
522069
522090
522131
522189
522595
522905
523157
523520
523603
523688
523688
523807
523902
523938
523956
523974
524198
524651
524718
524774
524915
524960
524981
525008
525615
525624
525658
525686
525704
525944
526063
526205
526287
526337
526437
526544
526621
526895
526977
527038
527046
527138
527165
527581
527589
527594
527907
528115
528178
528378
528453
528457
528698
528734
528785
529121
529329
529407
529652
529710
529993
530284
530322
530381
530439
530550
530734
530742
530893
530952
531000
531038
531115
531349
531359
531460
531603
531634
531997
532002
532122
532234
532472
532658
532685
532763
532868
532958
533000
533004
533275
533361
533388
533626
533879
533893
533924
534049
534050
534060
534065
534200
534310
534347
534525
534554
534748
534880
534952
535050
535124
535175
535313
535321
535344
535389
535419
535442
535499
535611
535692
535733
535735
535857
535977
536013
536325
536379
536421
536605
536792
536856
536866
537118
537176
537338
537386
537400
537477
537606
537674
537697
537778
537886
537945
538053
538090
538150
538393
538603
539153
539298
539479
539534
539691
539759
539786
539795
539893
540032
540348
540471
540472
540802
541039
541382
541419
541430
541449
541458
541527
541674
541883
541920
542043
542094
542132
542231
542279
542349
542370
542379
542401
542418
542475
542720
542850
542995
543013
543109
543118
543206
543319
543435
543441
543523
543546
543581
543618
543655
543756
543884
543951
544101
544130
544171
544219
544246
544305
544344
544441
544536
544607
544705
544806
544861
545010
545083
545163
545315
545710
546092
546129
546138
546138
546146
546219
546261
546479
546530
546583
546614
546649
546700
546763
546936
547127
547226
547264
547355
547638
547728
547779
547832
547877
548060
548271
548638
548657
548841
548900
548937
549016
549321
549444
549502
549544
549563
549573
549657
549662
549665
550020
550108
550120
550255
550322
550448
550496
550535
550590
550612
551160
551544
551597
551713
551919
552235
552380
552615
552818
553068
553215
553367
553566
553775
553827
553834
553843
553854
553882
554056
554210
554557
554644
554848
554957
555026
555074
555141
555401
555417
555639
555671
555693
555822
556071
556129
556205
556208
556244
556265
556276
556338
556370
556436
556524
556753
556950
557011
557062
557087
557124
557305
557376
557380
557464
557536
557576
557730
557802
557999
558100
558276
558458
558591
558769
558784
558822
558883
559041
559250
559289
559317
559512
559852
559888
560263
560299
560302
560342
560408
560426
560523
560580
560633
560678
560742
561143
561438
561607
561614
561704
561709
561881
561984
562216
562393
562567
562597
562661
562807
562826
562915
563120
563137
563141
563156
563195
563255
563373
563431
563849
563996
564178
564300
564458
564604
564673
564691
564945
565050
565082
565361
565381
565469
565548
565567
565737
565829
565874
566006
566021
566040
566378
566413
566425
566477
566675
566741
566966
567115
567191
567272
567313
567505
567586
567714
568111
568176
568477
568483
568490
568621
568834
568942
568969
569004
569333
569338
569529
569666
569927
569967
570035
570040
570236
570274
570309
570721
570775
570868
570903
571094
571099
571171
571185
571199
571233
571247
571258
571362
571381
571437
571527
571614
571618
571655
571850
571958
572000
572011
572041
572088
572160
572259
572441
572558
572656
572681
572758
572950
572968
572999
573251
573260
573406
573603
573674
573696
573722
573793
573836
573930
574168
574186
574270
574310
574417
574492
574559
574573
574809
574924
574998
575184
575260
575265
575272
575335
575416
575451
575460
575529
575554
575562
575569
575634
575752
575887
575932
575942
576049
576303
576463
576709
576825
576929
577063
577318
577324
577327
577357
577405
577516
577519
577625
577636
577744
577813
578243
578333
578434
578454
578531
578816
578818
578825
578848
578902
578921
578989
578998
579014
579184
579417
579476
579522
579590
579833
580047
580090
580182
580307
580313
580482
580569
580862
580911
580925
581035
581216
581234
581281
581333
581473
581589
581607
581631
581775
582201
582249
582355
582426
582660
582953
583068
583115
583334
583335
583394
583431
583456
583577
583676
583725
583763
583831
583910
583999
584095
584096
584117
584172
584569
584715
584798
584890
585186
585323
585339
585519
585578
585614
585770
585935
586169
586305
586428
586592
586600
586609
586823
586919
586961
586974
586993
587001
587008
587029
587044
587152
587158
587210
587465
587723
587790
587832
587927
588002
588030
588229
588372
588447
588532
588532
588799
588871
589243
589442
589458
589516
589532
589619
589707
589726
589766
589973
590118
590335
590416
590525
590564
590631
590664
590744
590905
590975
590989
591044
591339
591555
591647
591693
591749
592002
592009
592254
592330
592439
592453
592458
592537
592577
592588
592612
592618
592724
592831
592858
592863
592979
593155
593188
593373
593570
593743
593761
593776
593886
593893
593934
593985
594024
594590
594590
594627
594693
594740
594793
594834
594904
594952
594969
595086
595090
595106
595310
595475
595680
595740
595855
595866
596024
596049
596139
596207
596376
596393
596473
596645
596778
596908
597047
597316
597346
597436
597453
597568
597810
597965
598005
598168
598193
598284
598519
598641
598644
598649
598679
598767
598796
599050
599055
599138
599190
599489
599518
599541
599580
599582
599688
599795
599918
599938
599965
600050
600325
600344
600514
600617
600699
600726
600928
601111
601279
601617
601656
601744
601782
601815
601824
601870
601884
601905
601930
601962
602048
602339
602371
602381
602427
602583
602724
602733
602736
602760
602811
602880
602968
603085
603184
603203
603209
603344
603478
603494
604329
604391
604522
604535
604680
604701
604752
605099
605194
605321
605497
605545
605637
605818
606052
606112
606223
606229
606474
606518
606709
606785
606849
606879
606912
606928
606981
607073
607113
607153
607214
607229
607306
607376
607387
607788
607821
607862
607880
607970
607976
608025
608144
608192
608295
608300
608336
608486
608627
608632
608753
608805
608886
608984
609107
609214
609244
609292
609328
609419
609459
609493
609631
609748
609765
610002
610071
610220
610226
610285
610338
610509
610560
610647
610696
610767
610874
610915
610953
610977
611022
611143
611178
611180
611241
611346
611516
611523
611527
611838
611932
612121
612180
612241
612327
612412
612466
612562
612628
612868
612915
612947
613084
613200
613288
613382
613582
613615
613620
613636
613684
613784
613885
614051
614126
614237
614280
614550
614557
614777
615026
615164
615243
615320
615417
615618
615735
615852
615928
616045
616221
616287
616427
616478
616540
616661
616904
616995
617051
617133
617403
617473
617861
618243
618385
618418
618425
618431
618674
618830
618995
619045
619083
619220
619239
619311
619445
619862
620038
620068
620195
620286
620371
620438
620734
620747
620831
620894
620980
621210
621521
621576
621724
621789
621931
621951
622032
622048
622127
622175
622178
622422
622706
622961
623126
623504
623577
623607
623638
623857
623944
623987
624490
624535
624621
624811
624823
624992
625083
625185
625258
625518
626193
626267
626371
626488
626673
626790
626843
627071
627096
627170
627409
627425
627434
627464
627540
627634
627774
627800
627997
628138
628249
628501
628504
628550
628641
628750
629146
629321
629546
629628
629743
629835
629839
629887
629947
630038
630095
630260
630347
630551
630610
630701
630817
630873
631154
631156
631346
631417
631519
631546
631599
631659
631667
631952
631966
632120
632162
632170
632333
632478
632508
632620
632746
632951
633048
633063
633194
633273
633459
633551
633786
633865
633897
634097
634135
634162
634172
634207
634476
634727
634849
634999
635082
635214
635244
635253
635281
635297
635723
635832
636130
636200
636500
636519
636646
636710
636870
637136
637142
637145
637265
637344
637530
637536
637541
637635
637664
637704
637841
637962
638192
638213
638287
638449
638486
638732
638750
638752
639020
639039
639181
639611
639779
639863
639873
639921
639963
640026
640037
640083
640478
640479
640489
640521
640532
640614
640696
640716
640779
640878
641087
641119
641136
641221
641245
641333
641538
641553
641559
642070
642370
642626
642674
642797
642876
643068
643126
643138
643347
643355
643927
643969
644000
644017
644091
644132
644183
644198
644202
644523
644703
644705
644924
645046
645371
645522
645801
646069
646223
646274
646318
646357
646359
646419
646428
646429
646568
646582
646604
646635
646792
646842
646888
646967
646989
647115
647116
647186
647231
647258
647396
647405
647514
647698
647706
647812
648009
648027
648044
648069
648115
648135
648236
648305
648354
648423
648569
648597
648657
648700
648742
648758
648775
648787
648802
648862
648980
649161
649259
649297
649360
649366
649392
649452
649800
649836
649879
649954
650022
650055
650090
650199
650293
650347
650354
650405
650540
650543
650736
651022
651092
651148
651382
651397
651588
651623
651855
651877
651884
652049
652174
652213
652566
652610
652627
652628
652949
653139
653285
653426
653428
653497
653626
653781
653809
653893
654021
654072
654100
654183
654200
654381
654410
654458
654481
654669
654671
654771
654817
654869
654930
655230
655429
655535
655600
655633
655674
655688
655859
655900
655902
656182
656333
656560
656622
656680
656719
656732
656744
656764
656960
657009
657087
657130
657157
657555
657572
657694
657843
657861
657869
657891
658012
658017
658040
658461
658521
658543
658596
658633
658754
658932
658968
659062
659148
659390
660030
660044
660107
660156
660225
660452
660506
660566
660677
660758
660820
660836
660935
660975
661033
661046
661089
661133
661201
661248
661401
661417
661420
661422
661459
661510
661639
661651
661676
661687
661796
661851
661862
661955
662000
662101
662112
662156
662301
662314
662376
662450
662524
662537
662552
662680
662733
663123
663133
663145
663152
663169
663230
663393
663402
663404
663408
663409
663435
663645
663676
663728
663757
663880
664011
664214
664265
664420
664438
664444
664543
664974
665156
665159
665177
665204
665216
665264
665373
665546
665582
665759
665813
666042
666263
666316
666360
666390
666440
666455
666610
666624
666762
666825
666852
666907
667037
667080
667203
667288
667297
667403
667746
667914
667950
667951
668116
668141
668212
668265
668386
668421
668467
668660
668661
668673
668692
668695
668697
668823
668987
669423
669486
669547
669606
670010
670155
670238
670278
670313
670329
670331
670501
670520
670528
670593
670619
670704
670721
670759
671128
671168
671260
671273
671390
671530
671744
671766
671776
671799
671862
671899
671912
671928
672044
672054
672166
672302
672305
672325
672477
672549
672549
672622
672642
672686
672708
672852
672921
672939
672988
673231
673318
673341
673363
673464
673483
673675
673829
673903
673972
674058
674073
674092
674111
674219
674368
674424
674596
674727
674960
675336
675755
675852
675973
675979
676132
676221
676256
676307
676397
676413
676449
676568
676632
676675
676864
676997
677106
677172
677314
677331
677526
677652
677824
677854
677898
677994
678080
678142
678187
678399
678474
678855
678925
679017
679217
679263
679316
679374
679512
679519
679623
679629
679632
679654
679749
679766
679996
680045
680061
680135
680216
680245
680252
680343
680463
680537
680675
680815
680973
680984
681042
681061
681102
681159
681215
681310
681334
681371
681378
681708
681953
681968
682109
682153
682282
682298
682410
682449
682481
682555
682567
682625
682818
682875
682883
682902
682942
683214
683272
683569
683637
683658
683764
683792
683819
684127
684128
684196
684482
684503
684567
684608
684648
684940
685134
685165
685301
685305
685370
685386
685468
685638
685771
685929
686197
686216
686223
686330
686382
686419
686457
686475
686510
686596
686613
686707
686736
686746
687012
687088
687200
687229
687332
687447
687491
687607
687703
687859
688105
688190
688374
688547
688602
688678
688694
689239
689354
689383
689409
689514
689591
689681
689768
689952
690013
690014
690022
690045
690074
690234
690256
690263
690307
690396
690576
690715
691230
691299
691307
691372
691417
691502
691682
691700
691878
691909
691942
692035
692205
692297
692420
692618
692765
692785
692848
692905
693040
693068
693079
693163
693242
693244
693330
693357
693395
693561
693591
693626
693750
693824
693876
694076
694227
694319
694341
694380
694426
694469
694482
694756
694862
695032
695033
695056
695227
695322
695442
695528
695626
695728
695906
696040
696080
696430
696513
696560
696615
696638
696837
696886
697233
697282
697459
697593
697640
697735
697792
698007
698043
698069
698115
698505
698519
698570
698593
698626
698665
698701
698705
698821
698936
699024
699285
699330
699363
699570
699852
699964
700178
700244
700401
700476
700592
700884
701039
701069
701144
701271
701298
701300
701321
701338
701453
701514
701555
701583
702093
702252
702308
702511
702657
702767
702831
703014
703195
703214
703727
704116
704122
704222
704276
704449
704450
704474
704542
704670
704786
704848
704909
704957
705239
705250
705424
705598
705823
705893
705901
705974
706012
706315
706414
706497
706551
706669
706905
706948
707048
707051
707064
707194
707337
707341
707477
707514
707689
707714
707874
707887
708034
708094
708225
708227
708330
708500
708508
708679
708691
708978
709104
709182
709383
709400
709480
709607
709773
709893
709921
710494
710604
710621
710630
710810
710812
710814
710866
710934
710998
711052
711086
711152
711278
711293
711312
711827
711840
711874
711876
712000
712426
712497
712497
712526
712571
712838
712929
712938
713010
713030
713124
713175
713264
713483
713519
713617
713690
713787
713842
713902
714027
714047
714070
714348
714422
714588
714647
714762
714905
714913
714984
714985
715193
715695
715703
715744
715823
716062
716085
716092
716134
716155
716507
716587
716699
716887
716948
716983
717078
717258
717393
717521
717594
717606
717607
717648
717651
717684
717891
717968
718243
718353
718371
718574
719027
719088
719169
719264
719679
719701
719769
719942
719982
720263
720282
720433
720514
720563
720736
720748
720874
721063
721164
721190
721285
721292
721388
721484
721685
721717
721760
721846
721943
721994
721997
722075
722131
722163
722240
722636
722663
722748
722831
722892
722950
723045
723285
723486
723580
723618
723944
724039
724081
724220
724255
724365
724584
724647
725080
725361
725525
725528
725596
725649
725788
725845
726053
726074
726112
726202
726226
726291
726322
726767
727355
727954
728394
728445
728530
728614
728656
728688
728820
728879
729101
729244
729386
729449
729501
729701
729848
729950
730003
730179
730427
730434
730560
730666
730667
730781
730794
730829
730861
731043
731052
731060
731100
731115
731146
731255
731461
731467
731470
731552
731625
731711
731833
732051
732178
732195
732331
732365
732605
732636
732672
732900
732958
733004
733032
733084
733257
733292
733394
733484
733523
733532
733545
733549
733614
733643
733672
733833
733913
734018
734052
734062
734094
734106
734242
734259
734352
734442
734534
734635
734646
735140
735176
735181
735342
735360
735379
735415
735501
735600
735727
735834
735879
736207
736210
736242
736245
736306
736338
736402
736428
736439
736508
736613
736696
736721
736789
736868
736927
737068
737369
737510
737562
737665
737686
737777
737809
737846
737924
738047
738106
738116
738265
738330
738351
738403
738432
738502
738708
738835
738837
738926
739286
739319
739334
739441
739570
739758
739823
739855
740115
740138
740218
740283
740335
740400
740402
740484
740586
740683
740933
740988
741067
741292
741378
741444
741530
741801
741869
741976
742225
742874
742906
743099
743196
743252
743343
743359
743425
743545
743679
743843
744091
744124
744146
744240
744272
744293
744470
744475
744679
744700
744709
744801
745032
745071
745309
745344
745779
745817
745911
746006
746168
746528
746545
746557
746610
746728
746897
747220
747290
747311
747348
747694
747762
748114
748213
748588
748710
748765
748865
749136
749198
749236
749684
749791
750033
750109
750302
750369
750418
750484
750513
750619
750750
750897
750931
751098
751098
751243
751352
751421
751555
751564
751686
751730
751817
751890
751895
751905
751907
752007
752163
752204
752262
752549
752557
752565
752800
752827
752868
752997
753090
753254
753416
753672
753683
753803
753899
753941
754255
754266
754363
754560
754653
754710
754767
754916
755001
755421
755505
755720
755787
755911
756496
756542
756552
756648
756663
756805
756876
757074
757088
757158
757555
757676
757830
757860
757992
758021
758365
758468
758487
758586
758933
759079
759292
759318
759375
759507
759682
759780
759861
759991
760005
760046
760091
760169
760464
760474
760491
760853
761172
761191
761312
761385
761466
761471
761778
761822
761973
762383
762428
762438
762483
762502
762596
762613
762613
762698
762750
762773
762776
762792
762903
762981
763007
763103
763243
763341
763374
763576
763619
763699
763790
763970
763981
764173
764235
764266
764292
764296
764365
764382
764766
764783
764827
764903
764959
765193
765223
765299
765493
765505
765571
765729
765776
765845
765928
766181
766308
766322
766371
766477
766510
766623
766625
766639
766856
767014
767030
767261
767293
767306
767565
767765
767925
768083
768103
768167
768209
768292
768421
768613
768745
768916
769249
769255
769515
769766
769816
769969
770000
770010
770107
770137
770327
770348
770878
770982
771001
771167
771211
771325
771444
771647
771801
771888
771938
772043
772127
772228
772325
772440
772463
772554
772686
772689
772736
772752
772865
773002
773018
773250
773323
773459
773518
773531
773544
773804
773818
773855
774104
774321
774575
774579
774603
774619
774710
775163
775168
775227
775825
775904
775991
776006
776029
776058
776081
776105
776194
776280
776354
776370
776397
776467
776483
776972
776986
777040
777153
777267
777291
777332
777352
777408
777800
777955
778020
778177
778208
778492
778671
778718
778853
778884
778916
779091
779233
779249
779441
779485
779590
779626
779767
779783
779908
779969
780063
780115
780538
780545
780699
780803
780938
780938
781497
781542
781560
781569
781734
781796
781833
781852
781953
781987
782300
782360
782384
782426
782902
782947
782994
783088
783267
783291
783385
783488
783602
783762
783799
783931
784019
784038
784082
784289
784672
784777
784892
784928
784951
784971
785002
785014
785132
785184
785319
785367
785368
785471
785576
785623
785672
785806
785876
785976
786010
786019
786074
786197
786256
786390
786406
786494
786694
786737
786857
786908
786990
787064
787093
787155
787187
787228
787408
787539
787612
788232
788324
788339
788517
788522
788582
788641
788733
788895
788918
789005
789209
789266
789386
789458
789483
789505
789604
789775
789932
790079
790497
790853
790950
791141
791294
791360
791450
791541
791617
791672
791679
791697
791726
791731
791777
791804
791931
791931
792172
792227
792296
792350
792351
792364
792417
792434
792488
792496
792507
793153
793217
793262
793266
793293
793328
793469
793469
793839
793962
794018
794053
794150
794206
794282
794726
794775
794784
794796
794902
794979
795002
795005
795180
795288
795388
795606
795723
795753
795897
795924
796069
796252
796264
796575
796751
796769
796874
796975
796987
797029
797073
797491
797525
797636
797705
797809
798060
798339
798418
798523
798669
798777
798982
799507
799572
799771
799834
799871
800016
800131
800265
800463
800605
800656
800668
800903
801020
801122
801123
801123
801233
801292
801298
801421
801499
801521
801583
801741
801755
801761
801780
801808
801931
802156
802235
802241
802341
802351
802381
802478
802501
802534
802603
802638
802640
802825
802992
803065
803089
803266
803267
803346
803364
803488
803594
803784
803794
803827
803986
804008
804016
804060
804102
804417
804458
804919
805019
805069
805193
805219
805228
805251
805297
805350
805466
805469
805469
805558
805638
805645
805675
805702
805716
805772
806066
806312
806634
806885
807017
807121
807312
807331
807333
807362
807389
807400
807469
807494
807548
807554
807607
807659
807821
807849
807850
807853
807872
807884
807972
808161
808238
808313
808372
808602
808605
808629
808818
808913
809066
809072
809098
809244
809295
809328
809343
809484
809486
809708
809770
809820
809831
809831
809848
810442
810479
810691
810716
810748
810782
810804
810915
810982
811030
811060
811105
811118
811168
811247
811367
811432
811645
812322
812588
812599
812701
812866
813356
813374
813500
813518
813963
814169
814326
814490
814504
814515
814663
814685
814724
814728
814797
814928
814986
815023
815260
815296
815351
815615
815653
815675
815731
815735
815753
815798
815982
816219
816449
816474
816647
816714
816833
816859
816876
817029
817376
817380
817397
817416
817513
817633
817935
818018
818026
818116
818242
818245
818318
818489
818589
818642
818660
818857
818890
818914
818996
819064
819068
819345
819697
819711
819740
819750
819784
819876
819921
820015
820140
820209
820324
820414
820637
821188
821243
821563
821590
821649
821699
821753
822040
822066
822094
822300
822304
822304
822320
822510
822618
822752
822790
822829
822878
822990
823190
823359
823387
823447
823543
823587
823670
823818
823928
823971
824140
824228
824334
824352
824511
824651
824818
824821
824856
824920
825126
825154
825197
825223
825235
825247
825768
825867
825950
825969
826002
826099
826296
826353
826523
826656
826939
826998
827014
827111
827194
827236
827387
827406
827550
827653
828093
828259
828616
828683
829013
829141
829220
829340
829515
829556
829566
829657
829700
829948
829976
830047
830146
830169
830304
830382
830448
830549
830609
830681
830822
830826
830839
830866
830877
830945
831070
831128
831302
831390
831504
831612
831663
831707
831741
831926
831946
831950
831979
832033
832051
832083
832222
832224
832387
832427
832450
832459
832500
832525
832575
832630
832834
832836
832876
832905
832905
832937
833190
833209
833283
833336
833387
833473
833534
833542
833635
833710
833728
833897
833919
834040
834164
834181
834409
834420
834461
834602
834749
834822
834885
834889
835148
835212
835419
835472
835550
835722
835723
835846
836139
836305
836360
836509
836562
836733
836857
837027
837057
837094
837533
837608
837797
838006
838029
838155
838260
838363
838366
838368
838680
838934
838962
839114
839274
839338
839488
839780
839804
839855
839895
840065
840244
840283
840610
840714
840744
840813
840911
840968
840986
841214
841310
841458
841483
841594
841628
841644
841826
841871
841898
841961
841973
842013
842020
842084
842255
842269
842282
842335
842372
842435
842469
842503
842556
842591
842597
842635
842679
842832
842913
843050
843085
843094
843171
843370
843376
843382
843547
843583
843662
843839
844039
844120
844124
844143
844152
844173
844271
844274
844367
844678
844698
844754
844974
845116
845126
845128
845141
845175
845445
845494
845789
845938
846019
846086
846279
846300
846596
846599
846667
846699
847120
847122
847209
847477
847505
847507
847765
847871
848072
848369
848493
848515
848638
848653
848669
848675
848697
848714
848756
848884
849023
849062
849068
849096
849229
849382
849529
849568
849607
849880
850044
850099
850161
850214
850239
850371
850503
850536
850581
850660
850701
850868
850883
851002
851158
851310
851611
851695
851755
851878
851941
852061
852102
852138
852163
852237
852464
852521
852552
852641
852682
852733
852875
852961
853094
853181
853204
853376
853432
853814
853848
853900
854060
854144
854158
854224
854294
854433
854543
854594
854596
854670
854779
854974
855140
855272
855280
855291
855443
855681
855736
855744
855786
855877
855915
855959
856039
856124
856237
856264
856381
856447
856507
856617
856688
856696
856787
856981
857061
857343
857542
857651
857849
857893
857900
858092
858153
858256
858399
858414
858560
858686
858751
858754
858774
858791
858826
858845
859020
859072
859135
859144
859216
859227
859351
859531
859607
859725
859959
860015
860150
860179
860226
860238
860341
860549
860633
860736
860913
860991
861068
861240
861261
861353
861528
861627
861651
861676
861775
861780
861923
861975
862027
862125
862259
862269
862274
862364
862366
862506
862686
862744
862763
862885
862992
862995
863103
863122
863185
863270
863373
863444
863456
863486
863558
863621
863683
863780
863919
864093
864213
864313
864587
864707
864785
864838
864851
865158
865256
865335
865513
865537
865562
865575
865727
865888
865929
866007
866047
866123
866296
866536
866565
866695
866926
867278
867687
867799
867935
868049
868650
868802
868829
868910
869036
869113
869209
869427
869503
869537
869862
869870
869933
870005
870084
870099
870286
870775
871008
871520
871555
871588
871655
871661
871712
871750
871963
872124
872226
872256
872297
872734
872912
872977
873119
873541
873884
873896
873899
873970
874060
874161
874175
874278
874325
874372
874384
874493
874610
874726
874745
874835
874837
874880
874935
874966
874988
875150
875291
875397
875602
875632
875662
875803
875832
875962
876140
876198
876242
876361
876448
876500
876518
876539
876671
876846
876848
876965
877173
877222
877303
877341
877431
877433
877481
877540
877545
877572
877685
877878
877886
877893
878090
878233
878260
878310
878344
878423
878450
878566
878594
878610
878768
878814
878819
879010
879195
879245
879247
879317
879359
879494
879706
879856
879866
879941
880101
880139
880148
880159
880185
880240
880312
880359
880375
880584
880827
881144
881429
881477
881696
881718
881759
881804
882099
882226
882271
882340
882365
882410
882481
882527
882530
882822
882853
883028
883038
883063
883082
883084
883112
883138
883185
883233
883303
883422
883486
883536
883567
883572
883833
883861
883897
884026
884164
884354
884388
884498
884569
884570
884715
884741
884996
885132
885196
885293
885363
885366
885538
885698
885734
885844
885892
885937
886363
886461
886565
886595
886605
886652
886745
886790
886934
886966
887257
887268
887494
887544
887651
887767
887961
888246
888323
888512
888685
888687
888788
888807
888894
889150
889176
889249
889368
889544
889610
889685
889816
889956
889964
890029
890102
890188
890299
890522
890578
890606
890745
890927
891003
891076
891527
891570
891633
891725
891755
891761
891900
891927
892261
892361
892547
892608
892744
892747
892787
892862
893297
893335
893620
893650
893661
894124
894281
894345
894352
894358
894366
894527
894787
894964
894990
895048
895158
895159
895287
895299
895358
895529
895635
895767
895898
895899
895916
895938
896012
896120
896131
896324
896346
896350
896504
896649
896745
896792
896917
897138
897220
897243
897794
897850
897869
897879
897935
898013
898180
898188
898523
898547
898704
898821
898884
898976
899268
899522
899708
899897
899938
899977
899980
900118
900140
900227
900535
900557
900594
900610
900704
900797
900806
900871
901164
901283
901563
901570
901620
901742
901846
901884
902057
902089
902154
902166
902183
902248
902390
902467
902524
902718
902812
902845
902882
902883
902930
903046
903202
903438
903574
903843
903866
903872
904011
904067
904067
904319
904333
904537
904809
904957
905118
905170
905206
905216
905250
905360
905362
905411
905505
905604
905645
905687
905691
905771
905829
905843
906135
906170
906293
906412
906438
906563
906763
906843
906979
906982
907069
907098
907226
907363
907400
907589
907718
908042
908078
908606
908618
908720
908722
908764
908777
908844
908846
908874
908914
908971
908980
909083
909167
909275
909448
909828
909846
909916
910029
910128
910151
910229
910289
910421
910446
910500
910793
910795
910862
910994
911002
911002
911093
911104
911173
911338
911528
911601
911743
911761
911971
911983
912020
912110
912145
912346
912400
912462
912688
912925
912980
912992
913031
913068
913124
913315
913316
913349
913390
913435
913525
913670
913882
913897
913955
913989
914004
914057
914124
914389
914392
914461
914619
914728
914896
914993
915016
915067
915168
915191
915466
915500
915543
915591
915613
915651
915813
915881
915904
916005
916015
916025
916036
916110
916235
916289
916354
916433
916468
916529
916635
916648
916697
916721
916788
916922
917068
917110
917168
917204
917220
917424
917453
917563
917740
917930
918134
918295
918461
918968
919148
919453
919547
919638
919667
919784
919795
919816
919838
919874
919970
920074
920301
920381
920507
920514
920544
920709
920765
920856
921125
921197
921340
921551
921590
921618
921622
921717
921779
921972
921993
922233
922343
922518
922591
922603
922942
923042
923059
923081
923227
923396
923407
923524
923685
923713
923738
923812
924094
924110
924124
924156
924180
924374
924688
924909
924991
925050
925151
925190
925240
925297
925485
925527
925553
925717
925720
925721
925750
925771
925780
925786
925813
925849
926219
926336
926782
926809
926815
926951
927102
927284
927304
927361
927474
927698
927988
928016
928044
928062
928184
928219
928587
928720
928778
928831
928936
928942
929153
929301
929401
929413
929437
929478
929517
929521
929567
929613
929613
929766
929831
929922
929932
929939
930432
930548
930577
930642
930662
930904
931048
931140
931183
931185
931201
931224
931286
931357
931409
931428
931613
931615
931746
931770
931803
931980
932105
932139
932197
932357
932423
932495
932681
932759
932868
932950
933006
933027
933051
933381
933457
933590
933592
933671
933790
933831
933834
933859
933888
933968
934263
934322
934554
934660
934683
934932
935021
935381
935466
935572
935678
935827
935993
936320
936459
936641
936746
937000
937012
937065
937138
937187
937235
937251
937258
937307
937426
937572
937584
937841
937956
937998
938109
938226
938351
938699
938771
938873
939029
939066
939185
939217
939353
939366
939444
939467
939514
939586
939656
939723
939727
939782
939993
940069
940504
940507
940534
940557
940761
940905
941177
941205
941209
941302
941382
941399
941408
941419
941469
941605
941644
941729
942137
942168
942215
942281
942309
942398
942625
942791
942825
942929
943128
943226
943268
943310
943382
943468
943494
943685
943813
943827
943975
943985
944059
944140
944282
944318
944386
944455
944549
944612
944628
944793
944853
944883
944962
944968
945050
945163
945183
945273
945395
945410
945474
945635
945680
945713
945849
945865
945905
945976
946043
946076
946404
946450
946455
946564
946597
946647
946661
946719
946852
946885
947007
947115
947370
947405
947429
947494
947502
947563
947690
947797
948255
948322
948333
948509
948597
948731
948808
949090
949169
949286
949887
949914
949919
949943
950039
950045
950111
950254
950278
950301
950519
950613
950617
950719
950774
950838
950846
950916
951210
951233
951284
951597
951644
951649
951760
951765
952052
952101
952540
952545
952812
953133
953236
953366
953421
953466
953595
953616
953680
953703
953925
953954
953960
954082
954088
954292
954294
954348
954354
954421
954488
954602
954642
954891
954893
954898
954977
955093
955218
955229
955319
955375
955627
955634
955858
956043
956047
956174
956358
956545
956854
956919
956952
957005
957065
957065
957075
957097
957236
957261
957285
957361
957385
957499
957525
957723
957821
957850
957862
957912
957966
958039
958101
958231
958259
958374
958439
958461
958477
958524
958524
958571
958585
958616
958635
958658
958710
958712
958760
958800
959043
959060
959127
959138
959331
959382
959973
960011
960294
960330
960389
960580
960671
960694
960708
960711
960783
960901
961098
961182
961438
961629
961672
961924
961948
962020
962173
962219
962268
962448
962498
962545
962609
962800
962947
963052
963070
963114
963188
963232
963329
963329
963362
963393
963510
963587
963736
963777
963847
964042
964076
964338
964489
964538
964959
965072
965093
965097
965271
965291
965410
965459
965477
965564
965573
965593
965836
965875
965925
965947
965982
966000
966087
966110
966228
966368
966381
966388
966401
966466
966599
966651
966723
966844
966886
967143
967612
967657
967700
967713
967805
967825
967968
968005
968024
968070
968131
968301
968459
968579
968609
968653
968657
968883
968987
969249
969330
969397
969428
969435
969641
969697
969703
969874
969907
969911
970003
970029
970167
970207
970253
970621
970679
970746
970791
971014
971127
971144
971259
971263
971327
971361
971385
971395
971409
971929
971931
971959
972333
972546
972652
972697
972747
972938
972959
973149
973228
973274
973327
973390
973461
973821
973872
973996
974208
974323
974427
974504
974906
974976
975404
975425
975847
975931
975949
976067
976158
976175
976268
976432
976438
976470
976545
976662
976802
976820
976855
976902
976914
976919
976920
977011
977182
977198
977234
977255
977311
977334
977389
977510
977631
977681
977760
977791
977930
978106
978246
978254
978259
978330
978338
978343
978354
978389
978481
978536
978700
978712
978763
978830
978831
978897
979049
979088
979267
979341
979420
979497
979561
979933
980010
980146
980260
980419
980438
980756
980762
981230
981232
981306
981551
981585
981598
981666
981801
982038
982214
982312
982431
982533
982603
982679
982919
982998
983217
983233
983271
983378
983400
983420
983436
983733
983864
983867
983890
983927
983980
984335
984366
984882
984921
985124
985176
985559
985562
986082
986129
986195
986211
986224
986266
986780
986804
986897
986957
987124
987272
987293
987383
987482
987613
987639
987742
987880
987995
988386
988425
988943
989224
989324
989330
989685
989700
989799
989806
990010
990072
990440
990590
990697
990790
990801
991055
991069
991181
991185
991210
991328
991342
991347
991529
991725
991751
991790
991929
992023
992184
992243
992291
992335
992617
992626
992775
992844
992853
993279
993324
993330
993359
993395
993398
993408
993456
993510
993922
994036
994105
994305
994319
994517
994853
994886
994940
995022
995067
995096
995152
995162
995284
995301
995738
995793
995858
996133
996148
996155
996181
996277
996300
996319
996463
996543
996543
996618
996757
996786
996836
997024
997163
997192
997377
997483
997484
997533
997672
997759
998425
998465
998478
998574
998649
999042
999244
999289
999338
999386
999434
999514
999522
999570
999578
999618
999884
999946
