10000
1
1
1
3
3
5
5
6
7
9
11
13
15
15
16
18
20
20
21
21
22
22
23
24
24
27
27
27
30
32
34
35
39
40
41
41
42
42
45
45
47
48
49
49
50
52
53
54
58
59
60
61
62
63
64
65
66
69
70
70
72
72
73
73
73
73
73
74
75
75
76
76
77
78
78
78
79
80
82
82
83
83
84
86
86
87
88
88
88
89
89
91
92
92
93
93
95
95
96
97
98
99
99
100
102
103
103
103
103
104
104
105
105
106
109
109
114
116
118
119
121
123
123
124
125
126
130
130
131
132
133
135
135
136
136
139
140
140
141
143
143
143
143
144
145
145
147
148
148
149
150
150
153
154
156
156
156
157
159
159
161
161
164
165
165
166
167
167
170
170
170
172
173
173
175
176
177
177
179
179
179
181
182
183
184
184
185
186
188
193
195
197
199
199
200
206
207
208
208
209
211
211
211
212
215
217
217
217
218
218
219
222
223
224
227
227
228
228
230
230
230
231
232
232
233
233
234
239
239
240
244
245
246
246
248
248
249
249
249
252
253
255
255
255
257
257
259
259
263
264
265
270
270
271
271
272
272
273
275
276
276
276
277
279
279
280
280
280
280
281
282
283
284
284
287
288
289
290
292
292
292
293
294
295
295
295
295
296
296
298
298
300
302
303
306
306
306
307
307
307
307
308
308
312
315
315
317
318
320
322
322
324
326
326
333
334
335
335
337
337
338
340
342
344
344
344
345
347
347
348
350
350
350
351
352
352
353
353
354
355
356
356
358
358
359
360
360
361
362
362
365
365
367
369
369
373
373
373
373
374
376
376
376
377
378
378
379
379
380
380
381
381
382
383
384
384
385
386
387
388
389
389
391
391
394
395
395
395
396
398
402
405
405
405
406
406
406
406
407
409
412
413
415
417
419
420
421
421
422
422
424
424
424
425
425
426
426
427
429
429
431
431
431
434
437
437
438
439
439
439
439
440
441
442
442
445
449
449
450
451
451
454
454
454
455
455
455
456
456
457
457
458
458
458
458
459
459
459
460
463
467
468
468
468
468
471
471
471
472
473
473
475
475
475
478
478
478
481
482
483
483
484
485
485
487
488
490
490
491
493
493
493
496
496
496
497
497
497
497
499
499
501
503
503
506
506
508
508
508
509
510
511
512
513
513
514
516
517
517
518
519
519
519
519
520
521
521
524
524
524
524
525
527
528
529
531
531
537
537
538
538
538
539
540
540
545
545
545
546
554
556
556
558
559
559
559
562
563
566
567
571
571
572
573
574
575
575
576
576
577
579
579
580
581
583
583
585
587
587
588
588
589
590
590
592
593
593
596
596
596
597
597
605
608
610
611
612
616
616
616
617
618
619
620
620
622
622
623
623
624
627
629
629
630
631
631
632
632
633
636
636
637
638
641
641
641
643
644
646
647
647
647
648
648
649
650
650
651
652
652
653
653
653
654
654
655
657
662
662
662
663
664
665
666
669
673
675
676
677
677
678
678
679
679
680
680
683
683
686
686
687
689
690
694
695
696
697
697
698
702
704
706
707
709
709
710
711
715
720
720
722
724
724
724
726
727
727
728
729
730
730
731
731
734
734
734
735
735
735
736
737
738
739
740
740
740
741
742
743
744
745
747
747
747
748
751
752
754
756
758
758
761
764
765
765
766
767
770
770
771
772
774
777
777
779
780
781
781
786
787
787
787
789
790
790
790
793
793
795
796
796
798
799
799
800
802
802
807
808
808
808
808
809
809
809
810
810
811
812
813
813
816
816
818
821
822
822
823
826
826
829
830
831
833
833
835
835
835
835
836
838
840
841
841
843
845
846
846
847
848
848
849
850
851
851
853
853
854
854
854
855
857
858
859
862
862
863
863
863
864
866
867
869
870
871
871
872
873
874
877
877
877
878
880
881
881
881
881
884
884
886
887
887
887
891
892
892
893
894
895
895
896
897
899
900
900
901
903
903
904
905
906
907
909
910
912
912
913
917
917
918
919
919
919
920
921
921
921
921
922
923
923
924
924
925
926
927
927
927
928
928
930
930
932
934
935
935
936
937
938
939
939
941
944
944
944
945
946
946
946
946
949
949
951
951
954
954
954
955
957
958
959
960
960
961
962
962
963
963
965
966
966
967
967
970
973
973
973
974
976
977
980
980
983
983
984
984
986
986
988
988
988
992
992
993
994
996
997
998
999
1000
1001
1002
1002
1003
1003
1003
1005
1006
1009
1010
1010
1014
1014
1014
1017
1018
1019
1020
1021
1022
1022
1022
1023
1024
1024
1025
1026
1026
1028
1028
1028
1029
1029
1030
1030
1032
1032
1032
1032
1035
1038
1038
1038
1039
1040
1040
1041
1042
1043
1043
1047
1047
1047
1047
1050
1050
1051
1051
1052
1054
1057
1057
1057
1059
1060
1060
1060
1060
1062
1062
1064
1065
1067
1067
1068
1068
1068
1069
1069
1070
1072
1073
1074
1074
1075
1075
1075
1076
1080
1080
1080
1080
1085
1086
1086
1087
1088
1090
1091
1091
1092
1093
1094
1095
1098
1099
1099
1101
1101
1102
1102
1102
1102
1103
1103
1103
1104
1104
1106
1108
1108
1110
1111
1111
1113
1113
1113
1115
1120
1120
1121
1121
1123
1127
1127
1128
1128
1129
1130
1131
1135
1135
1136
1141
1141
1141
1141
1142
1143
1144
1144
1145
1145
1146
1147
1149
1149
1150
1154
1156
1160
1161
1161
1163
1164
1164
1165
1167
1168
1170
1170
1170
1171
1173
1174
1175
1175
1176
1177
1177
1177
1177
1178
1180
1180
1181
1181
1181
1182
1184
1184
1184
1186
1186
1186
1186
1187
1187
1189
1190
1190
1190
1193
1196
1196
1196
1197
1197
1198
1199
1199
1199
1199
1201
1201
1202
1203
1204
1206
1210
1211
1211
1213
1214
1216
1217
1219
1222
1222
1224
1224
1224
1225
1225
1225
1227
1227
1228
1228
1228
1228
1231
1231
1231
1232
1232
1233
1234
1236
1238
1238
1238
1239
1241
1246
1247
1248
1249
1251
1251
1251
1251
1252
1252
1253
1255
1256
1258
1258
1261
1262
1265
1266
1268
1269
1270
1271
1272
1272
1272
1273
1274
1276
1277
1278
1278
1279
1279
1280
1280
1281
1285
1285
1286
1286
1287
1288
1289
1290
1292
1294
1295
1296
1296
1296
1297
1297
1298
1298
1299
1299
1300
1301
1302
1303
1304
1304
1306
1306
1308
1309
1310
1310
1313
1313
1313
1314
1315
1317
1317
1319
1319
1320
1320
1323
1324
1326
1328
1328
1329
1333
1333
1333
1333
1338
1340
1341
1346
1347
1348
1349
1351
1352
1352
1353
1354
1354
1354
1356
1356
1358
1358
1360
1360
1360
1364
1364
1364
1366
1367
1368
1368
1368
1368
1369
1370
1373
1374
1375
1376
1376
1377
1378
1378
1380
1380
1380
1381
1381
1382
1382
1382
1383
1383
1383
1384
1384
1384
1386
1386
1387
1387
1390
1392
1393
1394
1396
1397
1399
1403
1404
1404
1405
1405
1406
1407
1407
1409
1409
1409
1411
1413
1414
1418
1421
1422
1422
1422
1423
1423
1426
1426
1427
1427
1428
1430
1431
1432
1433
1436
1438
1439
1439
1440
1441
1443
1445
1447
1448
1448
1449
1450
1451
1451
1452
1452
1452
1453
1454
1454
1454
1455
1455
1457
1458
1458
1458
1458
1460
1460
1461
1462
1464
1467
1469
1473
1473
1473
1473
1474
1474
1475
1476
1476
1477
1478
1479
1481
1481
1482
1483
1485
1486
1486
1486
1486
1488
1489
1490
1490
1491
1491
1492
1494
1494
1494
1496
1499
1502
1502
1503
1504
1506
1506
1508
1508
1508
1510
1510
1511
1512
1513
1513
1513
1513
1514
1515
1518
1519
1521
1522
1524
1525
1526
1527
1527
1528
1529
1529
1530
1533
1533
1534
1534
1535
1536
1537
1537
1539
1540
1540
1541
1541
1544
1545
1545
1547
1547
1547
1548
1548
1549
1550
1552
1552
1553
1553
1554
1554
1555
1555
1556
1556
1558
1558
1559
1561
1562
1563
1563
1564
1565
1565
1565
1568
1571
1571
1574
1575
1575
1577
1582
1582
1583
1583
1584
1584
1586
1586
1587
1588
1589
1589
1590
1591
1592
1593
1594
1594
1595
1595
1596
1597
1598
1598
1598
1600
1602
1602
1604
1604
1604
1605
1606
1606
1606
1606
1607
1608
1610
1611
1611
1612
1613
1615
1617
1619
1620
1620
1620
1621
1624
1624
1628
1629
1630
1631
1632
1633
1634
1635
1636
1637
1640
1640
1641
1643
1643
1646
1649
1649
1649
1649
1651
1651
1651
1652
1653
1655
1655
1657
1658
1658
1659
1659
1660
1662
1662
1663
1665
1665
1666
1666
1667
1669
1670
1672
1673
1673
1675
1675
1676
1677
1680
1680
1681
1682
1684
1685
1685
1685
1686
1686
1686
1687
1689
1689
1692
1694
1694
1697
1698
1699
1699
1703
1704
1704
1705
1706
1707
1711
1711
1711
1712
1713
1713
1713
1714
1714
1714
1716
1718
1719
1719
1721
1721
1722
1724
1724
1726
1726
1727
1727
1728
1729
1729
1730
1730
1731
1731
1731
1732
1733
1733
1733
1735
1736
1738
1739
1741
1742
1743
1746
1746
1748
1750
1750
1750
1751
1751
1751
1753
1754
1754
1754
1756
1758
1760
1760
1760
1760
1761
1762
1763
1763
1768
1769
1770
1771
1772
1772
1773
1774
1775
1776
1777
1778
1779
1780
1781
1781
1781
1782
1783
1784
1785
1785
1786
1787
1788
1789
1789
1790
1792
1794
1794
1795
1798
1798
1798
1799
1799
1800
1801
1803
1803
1803
1804
1804
1804
1804
1805
1806
1806
1806
1806
1807
1807
1807
1808
1809
1809
1811
1811
1813
1814
1816
1816
1816
1816
1817
1817
1818
1819
1819
1820
1821
1821
1822
1824
1825
1826
1828
1828
1828
1829
1835
1836
1837
1838
1838
1839
1839
1840
1842
1844
1844
1845
1846
1849
1849
1850
1850
1852
1852
1853
1855
1855
1856
1856
1857
1857
1858
1860
1861
1862
1862
1862
1864
1865
1866
1867
1868
1868
1868
1871
1872
1876
1878
1880
1881
1881
1882
1883
1883
1883
1883
1886
1888
1889
1890
1896
1899
1900
1900
1901
1901
1901
1901
1902
1904
1905
1908
1908
1908
1910
1910
1910
1913
1913
1914
1914
1915
1915
1916
1916
1917
1919
1920
1921
1927
1927
1928
1931
1932
1932
1932
1932
1935
1935
1935
1936
1936
1939
1941
1942
1944
1948
1949
1950
1950
1951
1953
1954
1955
1956
1957
1957
1958
1962
1962
1962
1965
1966
1968
1968
1969
1970
1970
1973
1974
1974
1974
1975
1975
1976
1982
1983
1984
1984
1984
1985
1985
1986
1987
1990
1991
1994
1994
1994
1994
1994
1994
1995
1997
1997
1997
1997
1999
1999
1999
2000
2001
2002
2002
2004
2005
2005
2008
2009
2011
2012
2014
2015
2015
2015
2015
2017
2019
2026
2029
2031
2032
2033
2033
2034
2035
2036
2039
2039
2039
2041
2041
2041
2043
2046
2046
2048
2049
2049
2049
2050
2050
2052
2052
2053
2053
2053
2054
2054
2055
2056
2056
2056
2056
2057
2057
2057
2061
2062
2064
2064
2065
2067
2067
2071
2072
2072
2072
2073
2073
2074
2074
2075
2075
2076
2077
2077
2079
2079
2079
2080
2081
2082
2082
2084
2084
2085
2085
2086
2088
2088
2089
2091
2092
2093
2096
2096
2098
2098
2100
2102
2102
2103
2104
2105
2107
2108
2108
2109
2110
2110
2111
2112
2113
2113
2114
2115
2116
2117
2117
2117
2118
2119
2120
2121
2121
2124
2124
2124
2124
2125
2125
2126
2127
2127
2128
2128
2129
2130
2131
2131
2132
2132
2134
2134
2138
2138
2139
2139
2139
2143
2143
2143
2145
2145
2146
2147
2148
2150
2151
2152
2153
2153
2154
2154
2156
2156
2158
2159
2160
2160
2160
2161
2162
2163
2163
2164
2164
2165
2165
2166
2168
2168
2169
2170
2174
2174
2175
2175
2176
2177
2178
2178
2178
2179
2181
2181
2182
2183
2183
2185
2186
2186
2188
2188
2191
2192
2192
2192
2192
2194
2195
2195
2195
2196
2196
2196
2198
2199
2199
2200
2201
2205
2207
2207
2207
2208
2212
2212
2212
2212
2213
2214
2215
2215
2218
2218
2220
2221
2222
2222
2223
2224
2224
2226
2226
2227
2227
2228
2228
2231
2232
2236
2238
2240
2244
2244
2245
2245
2246
2246
2247
2247
2249
2249
2250
2251
2253
2256
2257
2257
2257
2258
2259
2259
2260
2261
2261
2261
2261
2262
2263
2263
2266
2266
2267
2273
2273
2273
2274
2274
2275
2275
2276
2277
2280
2282
2283
2283
2284
2284
2287
2288
2288
2289
2289
2289
2290
2291
2293
2295
2295
2296
2298
2299
2299
2300
2300
2302
2302
2306
2308
2308
2309
2310
2310
2311
2316
2317
2317
2319
2319
2320
2320
2322
2328
2328
2329
2330
2330
2333
2334
2334
2335
2335
2338
2339
2344
2344
2346
2346
2346
2347
2348
2349
2350
2351
2351
2351
2351
2352
2352
2356
2357
2359
2360
2361
2362
2365
2367
2369
2369
2369
2371
2371
2372
2373
2373
2374
2374
2374
2374
2375
2376
2376
2377
2377
2378
2380
2380
2382
2383
2383
2383
2387
2390
2393
2395
2395
2396
2396
2397
2399
2399
2401
2401
2402
2403
2403
2406
2406
2407
2408
2408
2409
2410
2411
2411
2411
2411
2412
2413
2414
2414
2416
2416
2416
2417
2417
2419
2420
2420
2421
2422
2422
2423
2425
2425
2426
2426
2426
2426
2427
2428
2429
2432
2432
2433
2433
2436
2437
2438
2439
2439
2440
2440
2441
2442
2442
2443
2443
2443
2443
2444
2445
2445
2445
2446
2446
2446
2447
2447
2447
2449
2450
2450
2452
2453
2454
2455
2455
2457
2458
2458
2458
2458
2459
2461
2462
2462
2465
2466
2466
2467
2467
2468
2468
2471
2471
2472
2473
2474
2477
2478
2479
2479
2481
2481
2483
2483
2483
2483
2484
2484
2486
2487
2488
2488
2489
2491
2492
2492
2493
2494
2496
2497
2499
2502
2505
2505
2506
2507
2509
2509
2509
2510
2511
2512
2512
2512
2516
2516
2518
2519
2519
2520
2520
2521
2522
2526
2527
2528
2528
2529
2531
2532
2534
2534
2539
2541
2541
2541
2541
2542
2543
2543
2544
2545
2545
2545
2545
2548
2548
2549
2550
2553
2553
2554
2555
2556
2556
2557
2560
2561
2561
2563
2564
2564
2564
2566
2566
2571
2573
2574
2575
2576
2577
2577
2577
2577
2578
2578
2579
2581
2581
2584
2584
2585
2585
2586
2587
2588
2588
2589
2589
2590
2591
2591
2591
2593
2595
2595
2595
2596
2597
2598
2600
2600
2602
2602
2603
2604
2607
2608
2608
2611
2612
2614
2614
2618
2618
2618
2618
2622
2623
2624
2625
2625
2625
2626
2626
2627
2628
2628
2628
2629
2631
2632
2633
2635
2635
2635
2635
2638
2640
2642
2643
2644
2644
2644
2644
2645
2645
2645
2646
2649
2650
2651
2651
2653
2653
2654
2655
2657
2658
2659
2659
2660
2661
2662
2662
2664
2665
2665
2665
2666
2666
2667
2668
2668
2670
2670
2673
2674
2675
2676
2676
2677
2677
2677
2679
2679
2679
2679
2680
2680
2681
2682
2682
2683
2684
2684
2686
2686
2688
2689
2689
2690
2692
2693
2695
2695
2696
2697
2697
2699
2699
2699
2700
2702
2705
2705
2705
2707
2707
2707
2707
2708
2709
2711
2713
2713
2713
2713
2715
2715
2717
2717
2718
2719
2719
2721
2722
2722
2722
2723
2723
2723
2726
2726
2726
2729
2730
2731
2733
2733
2733
2733
2734
2734
2734
2736
2736
2736
2738
2738
2742
2743
2744
2745
2745
2746
2748
2750
2751
2751
2751
2752
2756
2757
2757
2758
2758
2759
2759
2760
2760
2760
2760
2760
2762
2762
2766
2766
2766
2766
2768
2768
2769
2770
2771
2772
2773
2774
2774
2775
2778
2778
2780
2782
2782
2788
2788
2789
2791
2791
2792
2793
2794
2794
2795
2796
2798
2799
2800
2800
2801
2802
2802
2803
2804
2804
2804
2804
2804
2805
2805
2806
2806
2806
2808
2808
2808
2809
2811
2811
2811
2811
2812
2812
2813
2814
2815
2816
2816
2817
2821
2828
2828
2828
2830
2830
2832
2833
2834
2834
2834
2835
2835
2836
2838
2839
2840
2840
2841
2843
2843
2844
2844
2844
2845
2845
2847
2848
2852
2852
2852
2854
2854
2856
2857
2860
2861
2864
2866
2868
2869
2871
2871
2872
2872
2873
2874
2875
2875
2876
2876
2876
2878
2878
2880
2880
2881
2881
2882
2883
2884
2885
2885
2888
2890
2892
2892
2893
2897
2897
2898
2901
2901
2901
2906
2908
2911
2912
2914
2914
2914
2914
2914
2916
2917
2918
2919
2919
2919
2920
2923
2924
2925
2926
2929
2930
2932
2932
2933
2935
2936
2937
2937
2937
2938
2939
2939
2942
2942
2942
2944
2944
2944
2946
2946
2947
2948
2950
2951
2952
2954
2954
2955
2955
2956
2957
2957
2958
2958
2958
2959
2959
2960
2960
2961
2961
2962
2962
2963
2963
2965
2966
2967
2969
2971
2971
2973
2974
2975
2975
2975
2976
2977
2978
2978
2980
2980
2981
2985
2985
2985
2986
2986
2986
2991
2991
2991
2991
2992
2994
2996
3001
3001
3002
3003
3006
3006
3007
3008
3010
3014
3014
3015
3015
3016
3018
3019
3019
3022
3022
3025
3026
3026
3027
3027
3028
3028
3030
3030
3031
3032
3032
3033
3036
3036
3037
3037
3037
3039
3041
3045
3046
3046
3046
3048
3048
3048
3049
3050
3050
3051
3052
3053
3056
3056
3058
3058
3059
3060
3060
3060
3062
3063
3064
3066
3066
3067
3068
3069
3072
3075
3076
3076
3078
3078
3078
3079
3079
3080
3082
3083
3085
3087
3087
3088
3088
3088
3089
3089
3089
3090
3091
3092
3092
3093
3093
3094
3095
3095
3097
3097
3098
3099
3100
3100
3101
3102
3103
3103
3103
3103
3109
3110
3110
3110
3111
3111
3113
3113
3119
3119
3119
3120
3123
3127
3128
3130
3130
3135
3135
3136
3141
3142
3142
3143
3143
3144
3146
3147
3148
3150
3150
3153
3158
3159
3161
3165
3166
3168
3169
3170
3171
3172
3172
3173
3173
3174
3175
3176
3176
3177
3178
3181
3183
3183
3186
3186
3187
3187
3188
3188
3191
3191
3192
3192
3194
3197
3197
3198
3199
3200
3200
3200
3201
3201
3201
3202
3203
3204
3204
3205
3205
3205
3206
3206
3206
3207
3208
3210
3211
3214
3217
3218
3219
3221
3222
3223
3225
3226
3226
3228
3229
3229
3229
3230
3232
3233
3236
3236
3236
3237
3238
3240
3241
3241
3242
3243
3243
3244
3244
3245
3247
3247
3248
3248
3249
3249
3249
3250
3252
3254
3254
3255
3255
3258
3259
3260
3260
3260
3260
3260
3267
3268
3275
3275
3277
3278
3278
3279
3280
3282
3282
3283
3284
3287
3287
3288
3288
3290
3292
3294
3296
3296
3296
3298
3299
3299
3299
3299
3300
3301
3301
3301
3303
3303
3305
3305
3306
3307
3308
3308
3311
3312
3315
3316
3316
3316
3317
3318
3319
3319
3321
3322
3323
3323
3324
3328
3329
3330
3331
3331
3331
3335
3335
3337
3337
3339
3340
3340
3341
3342
3344
3345
3346
3347
3347
3347
3347
3348
3349
3349
3351
3353
3354
3354
3356
3357
3358
3359
3360
3360
3363
3363
3363
3364
3364
3365
3365
3365
3366
3366
3366
3367
3369
3370
3372
3373
3374
3375
3375
3378
3378
3380
3380
3383
3384
3384
3385
3387
3388
3393
3393
3394
3395
3395
3398
3398
3400
3400
3401
3402
3403
3403
3403
3405
3405
3406
3406
3407
3408
3409
3411
3415
3415
3416
3418
3419
3423
3424
3424
3425
3425
3425
3426
3427
3429
3429
3429
3430
3430
3430
3432
3435
3435
3438
3439
3440
3442
3444
3445
3446
3448
3449
3450
3450
3450
3451
3452
3453
3456
3456
3457
3458
3458
3459
3460
3461
3462
3464
3464
3465
3465
3466
3466
3467
3468
3469
3469
3469
3470
3471
3473
3473
3473
3473
3474
3475
3480
3482
3484
3484
3486
3487
3487
3487
3489
3489
3492
3494
3495
3495
3495
3496
3497
3498
3498
3498
3499
3499
3500
3500
3501
3502
3505
3505
3507
3508
3510
3511
3511
3511
3511
3512
3513
3514
3515
3516
3516
3517
3518
3519
3519
3520
3523
3525
3525
3527
3527
3529
3531
3531
3532
3532
3534
3535
3537
3537
3538
3538
3540
3542
3543
3543
3544
3544
3546
3546
3547
3548
3548
3549
3550
3550
3551
3553
3554
3554
3555
3555
3559
3560
3560
3562
3563
3563
3564
3564
3564
3564
3564
3566
3566
3566
3568
3569
3572
3572
3574
3575
3575
3576
3577
3578
3578
3580
3582
3583
3587
3588
3588
3589
3589
3589
3590
3595
3595
3596
3597
3598
3599
3602
3603
3605
3605
3605
3605
3606
3607
3607
3609
3612
3614
3616
3616
3617
3617
3617
3618
3620
3621
3621
3621
3622
3622
3623
3623
3626
3628
3629
3629
3629
3630
3630
3634
3635
3637
3637
3637
3638
3638
3639
3640
3641
3642
3644
3645
3647
3647
3648
3648
3648
3649
3649
3650
3651
3651
3652
3653
3656
3656
3657
3657
3658
3660
3661
3662
3664
3664
3666
3669
3670
3671
3673
3674
3675
3675
3675
3676
3676
3676
3677
3677
3677
3681
3684
3684
3685
3686
3687
3687
3688
3689
3691
3691
3692
3692
3693
3693
3694
3694
3695
3696
3696
3697
3699
3702
3702
3703
3705
3706
3709
3709
3711
3711
3711
3713
3714
3718
3720
3720
3720
3721
3721
3722
3725
3726
3727
3728
3729
3730
3730
3731
3732
3732
3737
3739
3740
3740
3742
3742
3743
3743
3744
3745
3745
3746
3748
3749
3750
3752
3753
3753
3754
3755
3756
3760
3763
3764
3765
3766
3766
3766
3767
3767
3769
3769
3769
3769
3769
3771
3774
3775
3776
3776
3777
3778
3779
3780
3782
3782
3783
3786
3788
3789
3789
3790
3791
3791
3793
3794
3795
3795
3795
3795
3796
3803
3804
3804
3806
3807
3807
3808
3808
3809
3812
3812
3813
3814
3818
3818
3818
3818
3818
3819
3820
3821
3825
3825
3826
3828
3828
3829
3829
3830
3830
3831
3833
3833
3834
3834
3837
3837
3837
3838
3839
3841
3841
3843
3843
3844
3844
3846
3846
3847
3848
3849
3850
3850
3850
3851
3851
3853
3853
3854
3855
3855
3857
3857
3857
3857
3858
3858
3859
3860
3860
3860
3861
3861
3861
3861
3863
3865
3867
3868
3868
3869
3870
3870
3870
3871
3872
3875
3876
3877
3877
3881
3883
3884
3884
3884
3885
3885
3885
3887
3887
3887
3889
3890
3890
3890
3892
3895
3895
3895
3896
3897
3898
3900
3900
3900
3901
3901
3902
3904
3905
3906
3909
3909
3915
3916
3917
3919
3920
3920
3922
3923
3923
3925
3926
3927
3928
3930
3931
3932
3933
3934
3935
3936
3937
3938
3938
3941
3942
3943
3944
3945
3946
3948
3948
3948
3948
3949
3949
3950
3952
3952
3953
3954
3954
3954
3955
3956
3956
3956
3957
3957
3957
3958
3958
3959
3961
3961
3962
3962
3962
3963
3963
3964
3964
3964
3965
3967
3967
3969
3969
3970
3971
3974
3976
3976
3977
3978
3978
3979
3979
3980
3980
3980
3981
3981
3983
3984
3985
3985
3985
3986
3986
3986
3987
3988
3989
3990
3992
3993
3996
3997
3998
3999
4003
4005
4009
4010
4010
4010
4011
4012
4012
4013
4013
4013
4013
4015
4016
4017
4017
4017
4017
4018
4018
4020
4021
4022
4023
4023
4024
4024
4025
4027
4028
4029
4030
4032
4033
4033
4033
4034
4034
4035
4036
4036
4038
4039
4040
4041
4042
4044
4045
4046
4046
4046
4046
4049
4051
4052
4052
4053
4053
4054
4055
4056
4057
4057
4060
4061
4062
4062
4063
4066
4067
4067
4069
4070
4071
4071
4073
4075
4076
4077
4077
4078
4079
4080
4081
4082
4083
4084
4084
4086
4086
4089
4089
4090
4090
4091
4092
4092
4092
4093
4095
4097
4097
4097
4098
4098
4099
4100
4101
4102
4102
4103
4103
4105
4105
4108
4112
4113
4113
4114
4115
4119
4119
4121
4121
4121
4122
4122
4125
4126
4126
4127
4128
4128
4129
4129
4129
4129
4130
4130
4132
4132
4133
4135
4136
4137
4138
4138
4139
4141
4143
4147
4148
4148
4149
4150
4151
4153
4153
4154
4154
4155
4155
4155
4156
4156
4157
4158
4159
4159
4160
4163
4165
4166
4166
4167
4169
4171
4174
4174
4175
4176
4176
4177
4178
4179
4179
4179
4179
4180
4182
4182
4183
4185
4186
4186
4188
4188
4188
4189
4190
4193
4195
4196
4198
4198
4199
4199
4199
4202
4203
4203
4203
4204
4205
4206
4207
4208
4209
4209
4209
4210
4212
4214
4215
4215
4215
4217
4218
4222
4222
4224
4224
4224
4224
4226
4231
4231
4231
4234
4235
4237
4237
4238
4239
4240
4243
4246
4246
4246
4247
4247
4248
4248
4250
4250
4254
4255
4256
4256
4258
4258
4259
4259
4259
4260
4262
4264
4265
4267
4267
4268
4268
4270
4270
4270
4274
4277
4277
4278
4280
4282
4283
4283
4283
4284
4285
4286
4286
4287
4289
4289
4292
4293
4293
4294
4295
4297
4297
4299
4299
4303
4303
4303
4303
4305
4305
4307
4307
4310
4312
4312
4313
4313
4314
4314
4315
4316
4320
4321
4321
4322
4323
4323
4325
4326
4326
4326
4327
4327
4329
4331
4331
4331
4331
4332
4332
4332
4332
4333
4334
4336
4336
4336
4337
4337
4337
4338
4345
4345
4345
4346
4346
4347
4347
4349
4349
4350
4350
4352
4353
4353
4354
4354
4355
4357
4358
4358
4360
4362
4364
4365
4368
4368
4370
4371
4371
4372
4373
4373
4375
4375
4375
4379
4379
4379
4380
4380
4383
4383
4383
4384
4386
4387
4390
4390
4390
4392
4392
4393
4393
4395
4395
4397
4398
4399
4400
4401
4401
4401
4401
4401
4403
4405
4406
4406
4407
4409
4410
4412
4413
4414
4417
4419
4420
4423
4424
4425
4427
4428
4430
4432
4432
4434
4435
4436
4438
4439
4440
4441
4441
4442
4442
4444
4447
4449
4449
4450
4450
4450
4450
4451
4452
4452
4453
4453
4454
4455
4456
4456
4456
4456
4458
4461
4462
4464
4465
4469
4469
4470
4471
4471
4472
4472
4472
4474
4474
4475
4475
4476
4478
4480
4480
4482
4484
4486
4487
4487
4490
4492
4497
4497
4497
4497
4499
4500
4500
4505
4507
4509
4510
4510
4510
4511
4513
4513
4514
4514
4515
4515
4517
4518
4519
4519
4519
4520
4522
4522
4522
4524
4524
4525
4526
4527
4527
4529
4531
4532
4532
4533
4533
4533
4534
4535
4535
4535
4536
4536
4536
4537
4539
4539
4542
4543
4544
4544
4545
4545
4546
4547
4548
4552
4554
4555
4555
4556
4556
4556
4558
4559
4559
4559
4559
4559
4560
4561
4562
4563
4563
4565
4566
4566
4566
4567
4567
4569
4569
4570
4572
4572
4573
4576
4576
4576
4577
4577
4577
4580
4580
4582
4582
4586
4587
4589
4589
4591
4591
4591
4595
4596
4597
4597
4599
4599
4600
4601
4601
4601
4602
4603
4604
4604
4605
4605
4606
4606
4606
4608
4610
4611
4611
4612
4613
4614
4614
4614
4615
4616
4616
4616
4617
4617
4620
4620
4620
4622
4625
4628
4629
4630
4630
4633
4633
4635
4635
4637
4637
4637
4639
4640
4641
4641
4642
4642
4643
4646
4647
4647
4648
4648
4649
4649
4650
4650
4651
4652
4652
4653
4655
4655
4656
4658
4660
4662
4663
4663
4664
4665
4665
4666
4666
4667
4668
4668
4668
4669
4669
4669
4671
4671
4673
4673
4674
4675
4676
4678
4679
4680
4681
4683
4683
4683
4684
4685
4686
4687
4688
4688
4689
4689
4690
4690
4692
4693
4693
4693
4693
4697
4697
4697
4699
4699
4700
4704
4704
4704
4705
4708
4711
4712
4713
4713
4713
4715
4715
4716
4717
4718
4719
4720
4722
4724
4728
4728
4728
4730
4730
4731
4731
4731
4734
4734
4734
4735
4735
4735
4737
4738
4738
4740
4742
4744
4744
4747
4748
4748
4749
4749
4749
4750
4751
4755
4756
4757
4757
4757
4758
4758
4760
4760
4760
4761
4765
4766
4766
4767
4769
4770
4771
4774
4775
4776
4776
4778
4779
4780
4780
4782
4785
4788
4788
4789
4791
4794
4797
4798
4800
4801
4801
4801
4803
4804
4804
4808
4809
4809
4811
4811
4811
4813
4818
4821
4822
4823
4823
4824
4824
4824
4825
4826
4827
4827
4828
4830
4833
4833
4834
4835
4836
4837
4838
4838
4839
4841
4842
4844
4848
4849
4852
4854
4855
4857
4857
4858
4859
4859
4862
4863
4864
4866
4867
4870
4870
4870
4871
4872
4873
4873
4874
4876
4877
4878
4879
4879
4881
4884
4884
4886
4889
4890
4891
4894
4895
4897
4897
4897
4899
4900
4901
4903
4903
4906
4906
4907
4908
4908
4908
4909
4911
4914
4915
4915
4917
4919
4920
4920
4921
4924
4925
4926
4931
4933
4934
4934
4937
4938
4938
4938
4940
4942
4943
4944
4944
4944
4944
4945
4947
4947
4948
4949
4950
4951
4953
4953
4953
4955
4955
4956
4956
4957
4959
4960
4960
4961
4964
4964
4964
4967
4967
4969
4969
4970
4970
4972
4975
4975
4977
4978
4981
4981
4983
4985
4986
4988
4989
4989
4989
4990
4991
4996
4999
4999
4999
5000
5000
5003
5004
5005
5007
5007
5008
5009
5009
5009
5014
5014
5016
5017
5017
5018
5018
5019
5022
5022
5023
5023
5024
5025
5026
5027
5028
5028
5030
5031
5032
5034
5035
5037
5037
5038
5038
5038
5038
5039
5040
5040
5041
5042
5042
5043
5044
5044
5044
5045
5046
5046
5046
5047
5048
5049
5049
5050
5051
5051
5052
5052
5053
5053
5053
5054
5055
5056
5057
5059
5059
5059
5059
5059
5060
5062
5062
5063
5064
5065
5066
5066
5068
5068
5068
5069
5069
5069
5069
5071
5071
5072
5073
5074
5075
5075
5076
5077
5080
5080
5081
5083
5085
5085
5086
5087
5090
5090
5091
5092
5093
5093
5094
5094
5096
5096
5096
5098
5101
5103
5103
5104
5105
5105
5105
5105
5109
5110
5111
5111
5112
5112
5112
5113
5113
5115
5118
5118
5118
5119
5120
5120
5121
5122
5123
5124
5125
5125
5126
5127
5128
5129
5130
5130
5131
5132
5132
5132
5133
5134
5134
5135
5135
5136
5136
5141
5143
5143
5143
5143
5144
5144
5145
5145
5145
5148
5149
5149
5150
5152
5153
5156
5156
5157
5157
5158
5158
5159
5161
5161
5162
5165
5166
5168
5168
5169
5169
5170
5170
5170
5170
5172
5173
5175
5175
5175
5176
5177
5178
5179
5180
5180
5182
5182
5185
5185
5186
5191
5192
5193
5194
5195
5196
5197
5199
5202
5203
5203
5205
5206
5206
5208
5208
5209
5209
5210
5211
5213
5214
5214
5216
5218
5219
5219
5220
5221
5222
5223
5223
5226
5227
5228
5229
5229
5229
5230
5230
5231
5232
5238
5239
5240
5241
5243
5243
5244
5245
5248
5248
5249
5251
5251
5253
5256
5259
5259
5259
5260
5265
5266
5267
5268
5268
5270
5270
5272
5274
5274
5276
5277
5278
5278
5278
5279
5280
5281
5282
5282
5282
5283
5285
5286
5286
5287
5288
5289
5289
5290
5290
5290
5292
5292
5293
5293
5293
5294
5300
5303
5304
5304
5305
5307
5308
5308
5311
5311
5311
5311
5312
5313
5313
5313
5314
5315
5316
5317
5318
5318
5321
5324
5325
5326
5326
5328
5328
5328
5329
5330
5330
5330
5330
5331
5331
5331
5331
5332
5339
5340
5340
5340
5342
5344
5345
5347
5347
5348
5349
5349
5350
5353
5356
5356
5357
5357
5358
5358
5359
5360
5360
5361
5361
5363
5363
5363
5363
5363
5364
5365
5366
5367
5368
5370
5371
5372
5372
5372
5373
5374
5389
5390
5391
5391
5394
5396
5396
5399
5400
5400
5402
5402
5402
5403
5403
5404
5405
5407
5408
5408
5410
5411
5411
5413
5414
5414
5416
5417
5418
5418
5419
5420
5421
5425
5425
5426
5427
5427
5427
5427
5427
5428
5428
5429
5429
5431
5431
5432
5435
5435
5437
5437
5437
5438
5438
5438
5438
5439
5439
5441
5441
5441
5442
5442
5443
5444
5445
5446
5446
5446
5446
5448
5450
5450
5450
5452
5453
5454
5455
5456
5458
5458
5461
5461
5461
5462
5464
5466
5467
5469
5471
5472
5472
5473
5474
5474
5474
5474
5477
5477
5479
5481
5481
5482
5483
5483
5483
5484
5485
5486
5487
5488
5488
5489
5491
5492
5493
5494
5495
5496
5498
5500
5501
5502
5502
5503
5503
5503
5504
5505
5511
5511
5512
5515
5516
5516
5518
5523
5524
5524
5526
5527
5529
5529
5529
5529
5529
5529
5530
5530
5531
5532
5533
5533
5535
5535
5538
5538
5538
5538
5539
5539
5540
5541
5542
5542
5544
5547
5547
5547
5549
5550
5552
5554
5555
5555
5557
5557
5557
5558
5558
5559
5559
5561
5563
5564
5564
5565
5567
5568
5568
5569
5572
5572
5573
5573
5574
5575
5578
5578
5580
5580
5581
5582
5582
5584
5585
5586
5588
5588
5589
5590
5592
5592
5593
5594
5594
5598
5598
5599
5599
5599
5600
5602
5603
5604
5605
5605
5605
5607
5607
5608
5608
5608
5609
5609
5609
5611
5613
5613
5614
5614
5616
5616
5618
5619
5619
5621
5622
5623
5623
5625
5626
5626
5627
5627
5628
5629
5630
5630
5630
5632
5633
5634
5635
5638
5639
5639
5640
5640
5640
5641
5642
5642
5643
5644
5646
5646
5647
5648
5648
5649
5649
5649
5650
5650
5652
5654
5655
5656
5657
5657
5660
5662
5662
5662
5663
5666
5667
5669
5669
5670
5672
5674
5674
5674
5677
5677
5677
5677
5680
5680
5680
5682
5682
5683
5686
5686
5689
5689
5690
5694
5694
5694
5696
5697
5699
5699
5700
5700
5701
5701
5702
5702
5703
5704
5705
5705
5706
5708
5709
5710
5710
5711
5712
5712
5713
5713
5714
5714
5716
5717
5719
5720
5721
5722
5724
5725
5728
5728
5733
5733
5736
5739
5741
5741
5743
5743
5743
5744
5744
5745
5746
5747
5748
5749
5749
5749
5750
5753
5753
5754
5754
5754
5756
5756
5759
5760
5760
5760
5761
5763
5763
5763
5763
5764
5765
5766
5766
5767
5768
5768
5770
5772
5772
5772
5773
5774
5774
5775
5775
5778
5781
5781
5781
5783
5783
5783
5784
5785
5786
5787
5788
5789
5790
5791
5792
5793
5793
5793
5794
5795
5796
5797
5799
5800
5801
5801
5801
5802
5803
5803
5803
5803
5806
5810
5813
5813
5817
5817
5818
5819
5820
5821
5825
5825
5826
5826
5826
5829
5830
5835
5838
5838
5838
5839
5839
5841
5841
5842
5844
5844
5844
5846
5846
5847
5848
5850
5850
5851
5852
5853
5854
5856
5857
5858
5859
5860
5865
5867
5867
5868
5869
5872
5873
5874
5874
5877
5879
5880
5881
5882
5884
5886
5887
5887
5888
5888
5888
5889
5891
5892
5893
5893
5894
5895
5896
5897
5898
5898
5899
5899
5900
5901
5902
5903
5903
5903
5904
5904
5904
5906
5907
5908
5908
5908
5909
5911
5911
5911
5916
5917
5917
5918
5919
5919
5920
5922
5924
5924
5925
5926
5926
5927
5928
5931
5932
5932
5933
5935
5936
5936
5936
5937
5937
5937
5942
5942
5943
5943
5944
5946
5947
5947
5948
5948
5950
5950
5953
5954
5955
5956
5956
5956
5960
5960
5961
5963
5964
5964
5965
5965
5965
5966
5971
5975
5977
5979
5979
5979
5980
5980
5981
5983
5984
5985
5985
5987
5988
5989
5989
5992
5992
5992
5993
5993
5995
5997
5999
6000
6003
6004
6005
6006
6008
6009
6009
6009
6009
6010
6011
6013
6014
6020
6023
6023
6024
6024
6025
6026
6026
6028
6030
6030
6031
6034
6034
6034
6035
6035
6035
6039
6039
6040
6041
6042
6042
6043
6046
6047
6047
6047
6049
6049
6052
6052
6053
6054
6055
6055
6055
6055
6055
6057
6057
6057
6059
6061
6061
6063
6064
6064
6065
6065
6067
6067
6068
6068
6071
6071
6072
6073
6075
6076
6076
6078
6080
6081
6085
6085
6089
6090
6090
6091
6094
6096
6096
6096
6097
6097
6098
6101
6103
6103
6105
6105
6106
6106
6107
6107
6108
6109
6109
6110
6115
6115
6116
6116
6117
6118
6118
6119
6119
6120
6120
6122
6123
6124
6126
6127
6127
6128
6128
6131
6131
6132
6133
6135
6135
6137
6138
6138
6139
6140
6141
6141
6141
6142
6142
6142
6143
6143
6144
6144
6145
6146
6148
6148
6151
6151
6151
6152
6152
6153
6155
6157
6158
6158
6159
6159
6159
6160
6162
6162
6163
6164
6168
6169
6170
6170
6171
6175
6176
6176
6177
6180
6181
6181
6182
6183
6183
6184
6185
6186
6188
6188
6188
6190
6190
6192
6192
6192
6193
6193
6193
6195
6196
6196
6197
6198
6198
6199
6199
6200
6200
6201
6202
6203
6205
6206
6207
6209
6210
6211
6212
6212
6214
6214
6215
6215
6216
6216
6217
6217
6218
6219
6219
6220
6221
6223
6224
6224
6225
6225
6226
6226
6226
6226
6227
6228
6228
6229
6230
6230
6231
6232
6232
6233
6234
6236
6238
6239
6241
6241
6241
6241
6242
6242
6242
6243
6245
6246
6247
6247
6247
6250
6250
6250
6252
6252
6253
6254
6255
6255
6257
6259
6260
6261
6262
6264
6264
6265
6269
6270
6270
6271
6271
6274
6274
6275
6276
6276
6277
6277
6277
6278
6278
6279
6280
6280
6281
6282
6282
6283
6284
6284
6286
6286
6286
6287
6288
6288
6288
6290
6292
6294
6295
6297
6298
6298
6298
6299
6300
6300
6302
6304
6305
6308
6308
6308
6310
6310
6310
6313
6313
6314
6314
6314
6315
6315
6315
6316
6316
6317
6318
6319
6320
6320
6321
6321
6322
6323
6326
6326
6326
6328
6328
6331
6331
6331
6332
6333
6334
6336
6336
6337
6337
6338
6341
6342
6344
6344
6346
6347
6348
6349
6351
6351
6351
6351
6351
6351
6354
6355
6355
6357
6358
6358
6359
6360
6361
6363
6363
6365
6365
6365
6366
6367
6370
6371
6371
6372
6373
6373
6374
6374
6377
6379
6380
6381
6381
6382
6383
6385
6387
6388
6390
6390
6390
6391
6392
6395
6395
6395
6395
6396
6397
6398
6399
6401
6402
6404
6404
6404
6409
6409
6411
6411
6413
6413
6414
6414
6415
6416
6417
6417
6419
6420
6421
6422
6422
6422
6422
6423
6423
6425
6425
6425
6426
6427
6429
6429
6430
6430
6431
6434
6435
6435
6436
6438
6440
6440
6441
6443
6444
6445
6447
6450
6451
6451
6453
6454
6454
6455
6455
6456
6456
6456
6458
6462
6462
6463
6464
6465
6466
6467
6469
6471
6472
6473
6473
6475
6475
6476
6476
6477
6477
6477
6477
6478
6479
6480
6483
6485
6486
6487
6489
6489
6490
6497
6498
6498
6499
6499
6500
6501
6502
6503
6503
6503
6505
6506
6506
6506
6508
6509
6509
6509
6510
6510
6510
6514
6514
6515
6516
6517
6517
6518
6518
6519
6520
6521
6522
6524
6526
6526
6527
6527
6529
6534
6534
6535
6537
6537
6537
6537
6538
6539
6539
6540
6540
6542
6542
6542
6543
6543
6543
6544
6545
6546
6546
6548
6548
6549
6549
6551
6551
6551
6554
6555
6555
6555
6556
6556
6557
6557
6557
6557
6558
6559
6561
6561
6562
6563
6564
6565
6566
6568
6569
6570
6570
6572
6574
6575
6577
6578
6578
6578
6581
6582
6586
6586
6586
6587
6587
6588
6588
6589
6590
6591
6593
6596
6597
6598
6598
6600
6602
6603
6603
6604
6604
6606
6606
6607
6608
6608
6608
6609
6609
6611
6612
6613
6615
6615
6617
6619
6619
6620
6620
6621
6621
6621
6621
6621
6622
6622
6623
6623
6624
6626
6626
6628
6629
6630
6630
6630
6631
6634
6636
6636
6636
6636
6636
6637
6637
6638
6639
6640
6641
6642
6644
6644
6646
6646
6648
6648
6649
6649
6653
6656
6656
6657
6658
6658
6658
6659
6659
6661
6661
6662
6662
6662
6664
6664
6667
6667
6669
6674
6674
6676
6676
6676
6677
6680
6680
6680
6682
6683
6684
6687
6688
6688
6693
6693
6694
6694
6696
6698
6700
6701
6702
6703
6704
6704
6705
6706
6708
6708
6709
6710
6710
6711
6711
6712
6712
6714
6715
6716
6717
6717
6717
6719
6720
6721
6721
6722
6726
6726
6728
6730
6730
6730
6731
6731
6732
6732
6732
6733
6733
6734
6735
6735
6735
6736
6744
6744
6747
6747
6747
6750
6752
6753
6754
6754
6757
6757
6758
6759
6762
6763
6765
6766
6767
6767
6769
6770
6771
6771
6772
6774
6774
6774
6775
6775
6776
6778
6778
6779
6779
6780
6780
6780
6783
6784
6784
6786
6786
6786
6788
6788
6789
6789
6791
6793
6793
6794
6798
6798
6799
6801
6801
6803
6804
6805
6807
6809
6810
6810
6812
6813
6814
6814
6815
6815
6816
6818
6821
6822
6823
6825
6829
6831
6831
6831
6833
6833
6834
6835
6836
6837
6837
6838
6839
6840
6840
6841
6843
6843
6843
6844
6849
6850
6851
6854
6856
6856
6856
6858
6858
6862
6863
6864
6865
6867
6867
6867
6869
6870
6872
6872
6872
6873
6873
6873
6874
6879
6879
6879
6879
6879
6879
6881
6882
6884
6885
6885
6886
6888
6890
6891
6892
6893
6893
6893
6894
6896
6897
6897
6900
6901
6901
6903
6903
6903
6904
6905
6908
6909
6909
6912
6915
6915
6916
6916
6917
6919
6920
6920
6920
6922
6923
6928
6929
6929
6930
6931
6932
6934
6935
6936
6936
6937
6937
6938
6938
6938
6940
6941
6941
6942
6942
6942
6943
6944
6945
6946
6946
6947
6947
6949
6950
6950
6951
6954
6955
6955
6957
6958
6959
6959
6959
6960
6960
6961
6962
6962
6963
6964
6964
6967
6967
6968
6968
6968
6968
6970
6972
6973
6973
6973
6974
6975
6976
6977
6977
6978
6978
6979
6980
6981
6982
6982
6983
6983
6984
6985
6986
6987
6989
6989
6990
6990
6991
6992
6994
6994
6995
6996
6996
6996
6997
6998
6998
6999
6999
6999
6999
7000
7001
7001
7003
7004
7004
7006
7006
7007
7010
7012
7012
7013
7015
7017
7018
7020
7020
7020
7022
7022
7026
7027
7027
7027
7028
7028
7029
7029
7032
7036
7036
7037
7038
7039
7039
7039
7039
7040
7040
7041
7042
7043
7044
7044
7049
7050
7050
7053
7054
7055
7056
7057
7058
7058
7058
7059
7061
7061
7063
7064
7065
7065
7066
7066
7068
7068
7068
7069
7069
7070
7070
7072
7074
7075
7075
7076
7077
7078
7078
7080
7080
7081
7083
7083
7084
7084
7086
7086
7086
7087
7088
7093
7093
7096
7097
7098
7098
7098
7100
7100
7100
7101
7102
7102
7102
7103
7105
7110
7111
7112
7112
7113
7113
7114
7114
7122
7123
7125
7125
7126
7127
7129
7130
7130
7130
7132
7132
7133
7134
7135
7136
7136
7136
7138
7138
7138
7139
7140
7141
7141
7142
7143
7143
7143
7144
7144
7145
7145
7147
7148
7149
7149
7150
7151
7153
7153
7155
7157
7157
7157
7157
7158
7158
7158
7159
7162
7163
7164
7164
7164
7165
7165
7166
7167
7168
7169
7169
7170
7170
7172
7172
7172
7173
7173
7173
7173
7174
7175
7175
7177
7179
7180
7180
7181
7182
7182
7184
7184
7186
7186
7187
7187
7189
7190
7190
7191
7191
7192
7192
7193
7195
7195
7195
7196
7196
7197
7197
7198
7199
7199
7201
7201
7202
7202
7204
7206
7206
7208
7209
7211
7212
7213
7213
7214
7215
7216
7216
7218
7218
7219
7220
7220
7221
7224
7226
7228
7229
7230
7231
7231
7234
7235
7235
7235
7236
7237
7238
7240
7241
7241
7242
7242
7243
7244
7245
7248
7249
7252
7253
7253
7254
7254
7255
7256
7256
7257
7257
7257
7258
7260
7260
7261
7261
7262
7262
7264
7265
7265
7266
7267
7268
7270
7272
7272
7273
7274
7275
7275
7276
7278
7278
7279
7279
7280
7281
7282
7284
7284
7287
7288
7289
7289
7293
7295
7296
7296
7298
7299
7299
7299
7300
7308
7308
7309
7311
7312
7314
7314
7315
7315
7316
7316
7317
7321
7323
7324
7325
7325
7329
7330
7330
7331
7332
7333
7334
7334
7336
7336
7338
7340
7340
7341
7342
7342
7344
7347
7352
7352
7353
7354
7354
7357
7357
7359
7359
7360
7363
7364
7364
7364
7364
7366
7366
7366
7366
7367
7368
7369
7369
7370
7373
7375
7376
7379
7380
7381
7381
7381
7384
7385
7385
7386
7391
7394
7394
7395
7395
7397
7398
7398
7399
7399
7399
7401
7403
7405
7407
7407
7408
7409
7410
7411
7412
7413
7413
7414
7414
7415
7415
7416
7422
7422
7424
7425
7425
7426
7426
7426
7428
7433
7433
7434
7435
7435
7435
7436
7439
7440
7441
7441
7443
7446
7447
7448
7453
7453
7453
7454
7454
7455
7456
7457
7459
7460
7460
7462
7466
7468
7469
7470
7474
7475
7477
7478
7479
7479
7479
7481
7484
7485
7487
7488
7490
7492
7492
7495
7497
7498
7498
7499
7500
7502
7502
7502
7503
7503
7506
7507
7507
7507
7508
7509
7509
7511
7512
7512
7513
7515
7519
7521
7522
7522
7522
7523
7526
7526
7527
7527
7528
7528
7529
7532
7534
7534
7534
7535
7536
7537
7537
7537
7538
7540
7540
7540
7540
7540
7542
7542
7543
7544
7545
7545
7545
7546
7546
7546
7548
7549
7549
7550
7552
7552
7552
7553
7554
7556
7557
7559
7560
7560
7561
7562
7562
7562
7564
7567
7567
7569
7570
7571
7572
7573
7573
7573
7574
7575
7575
7579
7584
7585
7586
7590
7591
7591
7593
7593
7593
7595
7595
7596
7597
7597
7597
7598
7599
7602
7603
7608
7610
7611
7611
7611
7612
7612
7612
7613
7613
7614
7614
7614
7615
7616
7616
7620
7623
7625
7626
7627
7627
7628
7630
7632
7632
7633
7634
7634
7635
7636
7637
7637
7637
7638
7639
7640
7642
7642
7643
7645
7645
7647
7648
7648
7649
7650
7650
7651
7652
7653
7654
7654
7654
7655
7655
7655
7657
7658
7659
7659
7660
7660
7661
7661
7664
7664
7665
7666
7666
7666
7668
7670
7671
7673
7674
7675
7678
7679
7679
7680
7685
7687
7691
7692
7692
7696
7696
7697
7697
7698
7698
7699
7701
7706
7706
7707
7711
7711
7711
7712
7714
7714
7714
7717
7717
7719
7719
7722
7722
7723
7725
7725
7726
7728
7729
7730
7732
7733
7734
7736
7736
7740
7741
7742
7745
7747
7748
7748
7749
7749
7749
7749
7750
7751
7752
7752
7753
7754
7754
7754
7755
7757
7758
7759
7762
7763
7764
7764
7764
7764
7767
7768
7770
7771
7773
7775
7775
7776
7776
7777
7778
7778
7778
7780
7781
7782
7783
7784
7785
7786
7786
7786
7787
7788
7790
7790
7792
7795
7798
7799
7799
7803
7807
7809
7812
7812
7815
7816
7817
7817
7821
7821
7821
7821
7822
7823
7823
7823
7824
7824
7826
7828
7829
7829
7830
7833
7833
7834
7835
7835
7838
7838
7838
7843
7847
7851
7852
7854
7855
7856
7857
7858
7858
7859
7859
7862
7862
7863
7863
7865
7865
7865
7865
7866
7867
7867
7868
7868
7869
7869
7870
7871
7871
7871
7871
7871
7872
7873
7873
7876
7876
7878
7879
7879
7881
7881
7883
7883
7885
7885
7886
7889
7889
7890
7895
7895
7896
7896
7897
7897
7898
7898
7900
7900
7903
7904
7904
7904
7905
7905
7906
7907
7909
7909
7909
7909
7910
7913
7914
7915
7918
7918
7920
7921
7923
7924
7925
7926
7927
7927
7928
7929
7930
7931
7931
7931
7931
7932
7933
7933
7934
7935
7936
7936
7936
7937
7938
7939
7940
7940
7941
7942
7943
7945
7946
7947
7948
7948
7951
7952
7952
7953
7953
7953
7955
7955
7956
7957
7958
7958
7958
7959
7963
7964
7965
7965
7966
7968
7969
7970
7971
7971
7971
7971
7971
7972
7972
7975
7976
7979
7979
7980
7980
7981
7983
7985
7987
7987
7988
7990
7990
7990
7990
7991
7992
7992
7995
7996
7996
7998
7998
7999
7999
7999
8000
8001
8002
8002
8002
8003
8003
8004
8004
8007
8008
8010
8010
8011
8011
8012
8013
8014
8014
8015
8016
8016
8017
8018
8019
8019
8019
8020
8020
8020
8021
8021
8021
8022
8023
8024
8025
8026
8026
8026
8027
8029
8032
8033
8035
8035
8035
8035
8038
8039
8039
8041
8042
8044
8046
8046
8047
8047
8047
8050
8051
8051
8051
8055
8056
8057
8058
8058
8059
8067
8068
8068
8069
8071
8071
8071
8074
8074
8075
8077
8077
8078
8078
8080
8081
8081
8084
8084
8085
8085
8087
8088
8088
8090
8093
8093
8098
8098
8098
8100
8102
8104
8105
8105
8107
8107
8108
8110
8110
8111
8112
8112
8113
8114
8115
8116
8116
8116
8118
8120
8121
8121
8124
8124
8125
8129
8130
8130
8130
8130
8131
8131
8132
8132
8133
8135
8135
8137
8138
8142
8142
8143
8143
8145
8146
8146
8147
8148
8148
8148
8149
8149
8153
8153
8154
8155
8159
8160
8161
8161
8162
8163
8163
8164
8164
8166
8166
8167
8167
8167
8168
8168
8169
8169
8174
8175
8176
8177
8177
8178
8178
8179
8179
8179
8181
8182
8182
8183
8185
8185
8187
8187
8190
8190
8191
8193
8194
8194
8195
8195
8195
8197
8198
8198
8200
8201
8203
8205
8207
8208
8208
8208
8209
8210
8211
8212
8212
8213
8214
8215
8215
8215
8217
8219
8221
8222
8224
8224
8226
8226
8227
8228
8231
8231
8231
8232
8233
8233
8234
8236
8238
8239
8239
8242
8242
8243
8246
8248
8250
8251
8251
8254
8257
8261
8261
8262
8263
8263
8264
8265
8265
8268
8269
8269
8270
8270
8270
8272
8272
8273
8274
8275
8278
8282
8283
8284
8288
8288
8289
8290
8291
8292
8293
8293
8295
8295
8295
8296
8296
8296
8297
8299
8303
8303
8304
8305
8307
8307
8309
8310
8311
8311
8312
8312
8313
8313
8313
8313
8313
8314
8315
8315
8315
8315
8316
8316
8317
8319
8319
8320
8320
8322
8322
8322
8324
8325
8327
8327
8328
8330
8330
8331
8332
8333
8334
8335
8336
8336
8337
8337
8338
8338
8338
8339
8341
8345
8345
8346
8347
8349
8350
8351
8353
8353
8353
8354
8354
8354
8354
8355
8355
8355
8356
8357
8357
8360
8361
8361
8362
8362
8363
8364
8366
8369
8369
8371
8371
8371
8373
8374
8375
8376
8376
8376
8377
8377
8380
8381
8381
8382
8383
8384
8384
8384
8385
8386
8386
8386
8386
8387
8387
8388
8393
8395
8397
8398
8398
8399
8400
8402
8403
8403
8404
8404
8405
8405
8406
8406
8409
8409
8409
8410
8412
8412
8413
8414
8416
8417
8419
8423
8423
8424
8424
8426
8429
8430
8434
8434
8434
8434
8434
8435
8436
8437
8437
8438
8442
8445
8446
8447
8447
8448
8450
8450
8453
8453
8454
8454
8455
8456
8456
8456
8457
8457
8459
8459
8460
8460
8464
8465
8465
8465
8466
8467
8468
8468
8470
8471
8473
8474
8475
8476
8480
8480
8480
8481
8482
8482
8485
8485
8487
8488
8489
8490
8491
8491
8492
8492
8492
8493
8493
8495
8496
8497
8497
8497
8498
8500
8501
8504
8504
8505
8505
8505
8510
8511
8513
8513
8516
8517
8517
8518
8520
8521
8522
8523
8523
8525
8525
8527
8528
8529
8532
8532
8534
8534
8535
8537
8538
8541
8542
8542
8542
8543
8543
8544
8545
8546
8546
8547
8547
8547
8548
8548
8548
8548
8550
8551
8551
8551
8551
8552
8552
8553
8554
8554
8557
8560
8560
8560
8561
8562
8563
8564
8564
8566
8567
8568
8572
8572
8573
8573
8574
8574
8575
8577
8577
8578
8579
8581
8581
8582
8583
8583
8584
8584
8586
8588
8590
8591
8591
8593
8594
8596
8598
8599
8601
8603
8605
8606
8606
8607
8607
8608
8609
8610
8610
8610
8612
8613
8613
8614
8616
8616
8619
8621
8623
8623
8623
8624
8626
8627
8629
8631
8631
8632
8633
8633
8634
8639
8641
8642
8643
8644
8644
8645
8645
8646
8646
8647
8649
8653
8655
8655
8655
8656
8658
8658
8659
8659
8659
8660
8660
8664
8664
8666
8667
8667
8668
8670
8670
8670
8671
8672
8673
8673
8673
8676
8677
8679
8680
8681
8682
8683
8686
8687
8688
8691
8691
8692
8693
8693
8694
8694
8695
8695
8698
8698
8699
8700
8702
8702
8703
8705
8706
8706
8706
8706
8708
8708
8709
8710
8710
8710
8712
8712
8714
8714
8714
8715
8716
8717
8717
8718
8721
8721
8723
8723
8724
8725
8726
8728
8733
8733
8734
8736
8738
8739
8741
8741
8741
8742
8743
8743
8744
8745
8746
8747
8749
8749
8752
8753
8754
8757
8758
8758
8758
8758
8759
8759
8761
8762
8764
8764
8765
8767
8768
8770
8771
8771
8772
8773
8773
8774
8774
8775
8776
8777
8778
8778
8780
8780
8781
8781
8782
8783
8783
8783
8784
8786
8786
8786
8787
8787
8788
8788
8790
8793
8793
8794
8796
8798
8799
8799
8799
8801
8802
8803
8803
8803
8804
8805
8809
8810
8812
8812
8813
8813
8814
8815
8815
8816
8816
8816
8819
8824
8825
8825
8828
8829
8829
8830
8831
8832
8833
8835
8835
8836
8836
8836
8837
8837
8838
8839
8840
8841
8843
8843
8848
8850
8852
8853
8854
8854
8855
8857
8858
8858
8859
8860
8860
8860
8862
8863
8864
8864
8865
8865
8867
8869
8869
8870
8870
8871
8872
8873
8874
8874
8876
8877
8877
8878
8878
8879
8879
8879
8879
8879
8879
8880
8882
8882
8885
8888
8888
8888
8889
8890
8890
8891
8894
8894
8895
8897
8898
8899
8900
8901
8903
8904
8907
8908
8909
8909
8910
8912
8914
8915
8916
8916
8916
8917
8918
8918
8921
8922
8922
8923
8923
8925
8928
8930
8931
8932
8932
8933
8934
8934
8934
8935
8937
8938
8938
8939
8940
8941
8942
8944
8945
8947
8949
8954
8954
8955
8955
8958
8958
8958
8958
8959
8964
8965
8966
8967
8967
8967
8967
8969
8971
8974
8975
8976
8979
8979
8979
8979
8980
8982
8982
8986
8986
8987
8987
8990
8991
8995
8995
8996
8996
8999
8999
9000
9001
9001
9003
9004
9005
9005
9007
9008
9009
9011
9011
9012
9013
9013
9013
9014
9015
9016
9016
9016
9016
9017
9018
9018
9018
9019
9019
9019
9019
9020
9020
9023
9024
9024
9025
9029
9029
9031
9031
9031
9031
9032
9033
9037
9037
9038
9040
9040
9042
9043
9044
9045
9045
9048
9049
9050
9051
9055
9058
9059
9060
9061
9063
9063
9069
9069
9073
9073
9074
9075
9075
9077
9078
9079
9079
9081
9082
9082
9082
9083
9085
9086
9086
9088
9088
9090
9090
9093
9093
9094
9095
9096
9097
9100
9101
9101
9102
9104
9104
9106
9106
9106
9108
9110
9110
9112
9114
9114
9118
9119
9119
9120
9123
9124
9124
9125
9126
9128
9128
9129
9132
9132
9132
9132
9135
9135
9136
9136
9137
9137
9137
9138
9139
9140
9142
9142
9143
9143
9143
9146
9146
9146
9147
9148
9150
9151
9151
9151
9152
9154
9154
9155
9156
9156
9157
9158
9162
9163
9163
9163
9164
9166
9168
9171
9172
9172
9174
9175
9176
9178
9179
9181
9181
9182
9184
9185
9190
9190
9190
9191
9191
9194
9194
9194
9195
9195
9196
9199
9199
9201
9201
9205
9206
9206
9206
9207
9207
9208
9210
9211
9211
9214
9215
9216
9217
9217
9218
9218
9218
9220
9221
9222
9225
9228
9229
9230
9232
9233
9233
9235
9237
9238
9238
9239
9239
9240
9240
9241
9242
9243
9244
9246
9246
9248
9248
9249
9249
9251
9251
9253
9254
9255
9256
9256
9258
9259
9261
9263
9264
9265
9265
9266
9266
9268
9272
9273
9273
9273
9274
9275
9275
9276
9276
9276
9276
9279
9281
9283
9283
9284
9284
9285
9285
9287
9288
9292
9293
9295
9298
9298
9298
9298
9300
9303
9304
9307
9308
9309
9310
9310
9310
9315
9316
9317
9318
9318
9319
9319
9321
9323
9324
9325
9327
9328
9328
9330
9330
9331
9332
9333
9333
9335
9335
9336
9337
9338
9338
9339
9340
9341
9341
9342
9343
9344
9344
9345
9346
9346
9349
9350
9352
9352
9354
9356
9356
9357
9357
9358
9359
9361
9361
9363
9363
9366
9367
9368
9369
9372
9375
9375
9378
9379
9380
9384
9384
9386
9386
9388
9392
9393
9394
9395
9397
9397
9398
9399
9399
9401
9401
9402
9404
9404
9404
9406
9407
9408
9410
9411
9411
9412
9414
9416
9417
9418
9418
9419
9419
9421
9421
9421
9422
9424
9424
9424
9426
9426
9426
9426
9426
9426
9428
9429
9430
9431
9433
9433
9434
9434
9435
9437
9439
9440
9441
9441
9442
9442
9442
9444
9444
9445
9446
9449
9451
9456
9457
9459
9461
9461
9461
9462
9462
9462
9463
9463
9465
9465
9465
9468
9468
9469
9472
9473
9473
9473
9473
9475
9476
9476
9477
9477
9479
9480
9481
9483
9483
9484
9485
9485
9486
9486
9487
9488
9489
9495
9497
9497
9497
9500
9500
9500
9503
9503
9503
9504
9508
9508
9510
9511
9511
9513
9514
9515
9515
9516
9517
9518
9519
9519
9520
9520
9525
9525
9527
9528
9530
9530
9532
9534
9534
9536
9536
9537
9538
9539
9541
9543
9544
9545
9545
9546
9546
9546
9548
9550
9550
9550
9551
9551
9553
9553
9556
9556
9557
9557
9558
9558
9559
9559
9561
9561
9562
9564
9566
9569
9569
9569
9570
9572
9572
9575
9575
9575
9577
9578
9578
9579
9580
9581
9582
9586
9588
9590
9592
9593
9593
9593
9594
9594
9594
9596
9601
9602
9603
9604
9604
9605
9606
9607
9607
9609
9609
9609
9611
9611
9611
9616
9617
9619
9620
9620
9621
9621
9622
9625
9625
9625
9627
9628
9628
9629
9629
9630
9631
9633
9635
9635
9637
9638
9640
9643
9644
9644
9645
9646
9647
9648
9649
9649
9653
9653
9653
9655
9656
9656
9656
9656
9659
9661
9661
9663
9663
9663
9664
9668
9669
9669
9669
9670
9671
9674
9674
9678
9679
9682
9682
9683
9684
9684
9684
9685
9685
9685
9687
9689
9691
9692
9693
9694
9697
9699
9701
9702
9704
9705
9705
9706
9706
9707
9709
9712
9713
9717
9719
9719
9719
9720
9720
9722
9722
9722
9723
9724
9726
9726
9727
9728
9729
9731
9737
9738
9739
9739
9740
9741
9742
9744
9744
9744
9745
9745
9745
9746
9748
9750
9750
9751
9751
9751
9752
9753
9753
9754
9755
9755
9756
9760
9760
9762
9763
9765
9765
9765
9766
9766
9772
9772
9773
9773
9773
9775
9776
9776
9776
9778
9778
9780
9782
9784
9785
9786
9786
9787
9788
9788
9789
9790
9790
9792
9792
9792
9793
9793
9794
9794
9794
9794
9795
9796
9797
9798
9799
9799
9799
9801
9802
9802
9802
9803
9803
9804
9804
9807
9808
9809
9809
9810
9813
9813
9814
9814
9815
9815
9816
9817
9818
9819
9820
9823
9823
9826
9827
9827
9828
9828
9830
9830
9832
9832
9833
9834
9834
9834
9835
9836
9837
9837
9838
9839
9839
9841
9841
9841
9843
9843
9843
9849
9849
9851
9852
9853
9854
9856
9857
9858
9860
9861
9864
9864
9865
9868
9868
9868
9868
9869
9870
9873
9874
9875
9876
9876
9877
9877
9877
9881
9882
9883
9883
9883
9884
9885
9886
9889
9889
9889
9890
9890
9895
9896
9896
9897
9898
9898
9899
9902
9903
9907
9907
9909
9909
9909
9911
9912
9912
9913
9913
9914
9914
9915
9915
9916
9917
9917
9918
9919
9920
9921
9922
9922
9922
9923
9925
9925
9926
9926
9928
9931
9931
9934
9935
9935
9935
9936
9937
9937
9937
9937
9938
9938
9941
9941
9942
9942
9944
9944
9944
9945
9945
9949
9949
9949
9950
9950
9951
9951
9951
9951
9951
9952
9953
9955
9956
9956
9958
9959
9959
9962
9963
9964
9965
9966
9966
9971
9971
9974
9977
9977
9977
9979
9981
9981
9982
9984
9984
9985
9986
9987
9987
9988
9989
9991
9991
9991
9992
9994
9994
9994
9994
9995
9995
10000
