1000
3
6
23
32
38
54
63
71
77
91
115
120
123
126
156
159
164
167
177
205
206
225
226
232
246
255
260
285
298
307
324
331
333
338
338
365
385
385
396
401
403
412
418
420
446
447
447
453
457
458
475
496
518
522
537
538
564
571
596
597
600
602
607
629
632
633
635
635
650
654
654
678
706
713
727
732
766
768
785
788
790
809
823
827
849
853
876
916
916
918
928
939
947
971
978
990
990
1006
1006
1010
1011
1015
1015
1029
1030
1040
1047
1060
1073
1074
1078
1082
1087
1095
1097
1100
1108
1166
1170
1185
1205
1214
1219
1220
1236
1264
1273
1278
1304
1321
1372
1382
1382
1395
1406
1409
1411
1414
1420
1427
1430
1446
1449
1465
1470
1483
1506
1514
1514
1523
1524
1547
1557
1559
1580
1606
1608
1619
1626
1628
1670
1697
1701
1705
1707
1718
1726
1730
1732
1734
1741
1744
1746
1750
1757
1768
1770
1802
1803
1810
1832
1840
1843
1855
1855
1884
1892
1907
1957
1962
1968
1972
1972
1995
1999
2017
2045
2055
2080
2080
2084
2086
2091
2101
2102
2133
2138
2140
2143
2150
2158
2160
2170
2171
2174
2189
2191
2205
2224
2235
2236
2248
2262
2275
2291
2299
2303
2306
2306
2312
2314
2316
2323
2324
2326
2335
2335
2361
2382
2405
2425
2446
2456
2470
2480
2486
2488
2494
2508
2509
2518
2522
2525
2529
2530
2557
2569
2579
2582
2584
2588
2589
2592
2621
2622
2666
2670
2671
2671
2682
2683
2698
2701
2712
2712
2715
2725
2732
2739
2749
2765
2765
2773
2776
2789
2792
2809
2814
2832
2849
2860
2873
2877
2880
2880
2882
2887
2888
2910
2913
2920
2924
2925
2975
3001
3003
3008
3039
3046
3054
3071
3085
3088
3091
3121
3140
3142
3154
3160
3169
3178
3189
3198
3200
3207
3224
3252
3258
3299
3300
3309
3310
3314
3326
3329
3330
3331
3341
3341
3343
3359
3361
3388
3396
3406
3421
3435
3435
3461
3464
3473
3495
3496
3504
3520
3521
3533
3533
3543
3550
3561
3574
3576
3601
3602
3620
3630
3640
3655
3660
3661
3667
3685
3685
3687
3691
3696
3709
3712
3714
3725
3739
3762
3766
3780
3782
3785
3786
3786
3789
3789
3799
3830
3838
3846
3851
3852
3885
3908
3913
3927
3990
4002
4002
4018
4031
4036
4038
4045
4046
4051
4080
4086
4098
4101
4106
4126
4128
4129
4129
4132
4144
4144
4144
4144
4145
4177
4181
4204
4228
4231
4235
4237
4238
4250
4253
4257
4265
4271
4286
4304
4319
4327
4339
4347
4349
4349
4356
4369
4374
4389
4394
4406
4412
4434
4441
4452
4460
4470
4471
4496
4500
4526
4532
4539
4582
4586
4617
4632
4648
4654
4656
4667
4676
4681
4687
4700
4710
4713
4721
4815
4824
4862
4871
4872
4882
4889
4895
4895
4908
4922
4923
4938
4939
4976
4981
4985
5000
5006
5010
5022
5031
5033
5048
5049
5062
5068
5071
5085
5091
5092
5098
5108
5112
5138
5163
5168
5168
5186
5193
5197
5209
5249
5250
5264
5266
5271
5274
5324
5336
5348
5352
5365
5375
5384
5403
5409
5442
5459
5493
5504
5508
5509
5515
5515
5519
5538
5557
5560
5585
5600
5603
5605
5608
5610
5616
5617
5635
5635
5667
5667
5669
5680
5701
5702
5708
5724
5729
5735
5738
5738
5759
5772
5775
5782
5814
5818
5820
5829
5844
5847
5853
5857
5860
5869
5872
5872
5895
5929
5946
5975
5981
5989
5994
5995
6002
6022
6027
6036
6054
6061
6084
6090
6093
6104
6107
6114
6118
6130
6133
6142
6156
6159
6168
6189
6189
6197
6201
6220
6236
6237
6237
6254
6255
6256
6257
6261
6286
6287
6296
6333
6334
6336
6340
6341
6342
6349
6374
6378
6378
6398
6400
6401
6403
6409
6423
6442
6442
6445
6486
6508
6513
6513
6526
6526
6532
6553
6554
6554
6555
6594
6597
6599
6609
6611
6615
6624
6625
6626
6634
6640
6662
6671
6672
6704
6707
6708
6711
6711
6730
6734
6738
6748
6757
6766
6771
6781
6783
6783
6788
6794
6801
6809
6810
6813
6815
6851
6853
6863
6870
6870
6882
6893
6900
6903
6910
6931
6933
6936
6940
6947
6961
6981
6990
6999
7019
7034
7036
7046
7046
7054
7061
7062
7092
7098
7105
7152
7155
7158
7160
7169
7182
7187
7189
7210
7217
7246
7251
7262
7275
7281
7303
7307
7339
7342
7353
7369
7369
7384
7386
7416
7418
7440
7450
7454
7463
7467
7474
7492
7509
7511
7515
7522
7529
7529
7555
7557
7568
7589
7592
7609
7614
7618
7632
7646
7668
7675
7687
7698
7706
7739
7751
7768
7770
7778
7782
7794
7797
7821
7832
7835
7837
7847
7849
7869
7872
7876
7889
7896
7900
7910
7915
7929
7934
7938
7969
7975
7990
7993
7997
7999
8011
8011
8014
8050
8054
8064
8077
8095
8118
8122
8122
8133
8161
8166
8169
8190
8193
8197
8211
8218
8249
8261
8271
8292
8298
8303
8312
8317
8333
8333
8334
8343
8346
8346
8347
8353
8353
8366
8369
8418
8449
8469
8493
8510
8535
8540
8543
8548
8587
8595
8613
8615
8624
8641
8645
8649
8650
8651
8658
8687
8699
8704
8735
8746
8753
8753
8762
8771
8787
8797
8802
8834
8835
8892
8897
8912
8939
8981
8983
8988
8990
8993
8995
8996
9016
9022
9023
9038
9039
9043
9043
9052
9063
9066
9075
9079
9083
9083
9095
9127
9130
9134
9142
9145
9147
9155
9165
9194
9195
9200
9204
9212
9244
9246
9260
9282
9296
9324
9338
9346
9351
9370
9376
9393
9398
9401
9409
9418
9418
9427
9433
9433
9441
9442
9478
9508
9521
9523
9526
9543
9548
9571
9571
9587
9590
9590
9597
9602
9605
9615
9622
9624
9625
9642
9646
9651
9656
9660
9666
9667
9695
9708
9739
9740
9740
9744
9744
9778
9799
9832
9838
9856
9867
9870
9872
9883
9883
9883
9901
9914
9919
9934
9943
9959
9959
9965
9970
9972
9978
