1000
2684
3104
3106
6650
6678
7560
8814
8993
9803
11146
11779
12084
14155
15731
16367
18073
19492
20878
21891
23864
23872
25880
27178
27565
28048
29067
30556
30923
34567
35689
38620
40326
40439
40681
40902
42886
43106
44219
45963
48205
50132
56314
56347
56656
57343
57645
57840
59115
61252
61662
63218
63976
64017
64726
66014
67143
68618
69818
70049
71988
72203
74684
74832
75135
76211
76555
77326
77856
78686
79175
79710
80852
81877
82747
83643
84290
84864
84893
85027
85342
88965
89564
89868
90033
90086
92917
96179
96670
97135
99908
100494
100781
100798
102632
103599
104366
107696
108101
108444
110563
111416
111883
114941
115382
117738
120009
120320
125364
126881
127040
127285
131623
131821
131836
134034
134035
134814
135480
136575
138799
140576
141323
142977
143694
144965
144965
145427
145469
146038
147742
147978
148198
148462
148479
149376
150342
152477
152956
153139
153828
154924
156027
156630
157671
158190
159993
160826
160881
163505
164484
165612
165709
166593
166803
169326
171065
172054
172298
172337
174750
176184
177051
177396
178663
181753
182478
184619
184968
187804
188812
189070
190098
191084
192802
193367
193729
194282
195444
195498
197724
200370
200680
201097
201167
201562
202645
203129
205219
205334
207698
207769
208085
208964
210051
210634
213055
213184
214513
214878
215328
216085
216255
216809
217463
220294
222271
222313
223034
223510
225662
226474
226624
227535
227881
228288
229127
234359
235714
236361
236380
236522
238289
238945
240143
240193
240938
240986
241309
242417
243970
245172
245971
246138
247537
248626
249430
249772
250906
251030
251973
252054
252691
252853
253119
253750
253965
254629
254701
256515
256755
257675
257998
259840
263894
264661
265151
266013
266026
267347
267407
270435
271009
272277
272550
272718
273711
273765
276177
276775
277673
281211
282175
283307
283563
285297
288063
288139
288248
290997
291419
291545
291629
292721
292927
292975
296468
297371
297866
299241
302020
302462
302976
303933
304009
305460
305656
305663
306952
307247
308111
308571
309000
309836
310016
310165
310314
312002
312883
314500
316185
316559
317636
319204
319655
319829
320790
322233
322382
323252
325416
326936
327269
327418
327494
329075
329265
332086
332087
332402
332698
332968
333152
334189
334821
338009
338395
339404
339735
340648
341221
341426
341973
342179
342903
344346
344423
345272
345281
346836
346864
347032
347596
350565
350664
350743
351923
352160
353248
353637
354375
355115
359262
361996
363690
363783
363831
365320
368756
369539
371100
371498
371760
372835
373475
374131
375083
375482
377292
377954
378566
378922
380769
381061
381305
381558
382093
387121
387378
388169
389546
389606
391175
391505
391914
392116
392690
395820
396970
399090
400589
401663
401805
401984
405060
405638
407074
408725
408727
410269
410371
410919
411059
412057
412995
414509
414634
417757
417892
418709
419292
421256
421543
422526
423819
423876
423929
424952
425595
427584
427949
433154
433819
433932
433973
434278
436224
436396
436898
438186
438491
440053
440710
440910
441936
445468
447005
447111
447408
447498
447918
449778
450105
452145
452613
452871
454193
455080
455719
455942
455975
457576
457729
461054
461675
461995
462041
462365
462880
463823
464222
464987
465218
467669
468546
470672
470694
470886
471719
471877
472670
475115
475153
476852
477738
479768
480271
481303
482307
482710
483477
483769
483831
484697
486187
487461
487941
488224
489425
490080
490872
494665
494925
495596
496035
496536
500014
501739
502806
503808
503849
504321
504559
505896
506335
506925
506982
508291
508757
509404
512193
512364
514581
514631
515119
515191
515580
515726
515855
518446
519572
520164
520301
520542
521927
522133
523155
523791
523898
525032
527594
530276
530821
531187
532175
532583
535833
537072
539745
539756
539894
542666
545126
545591
546267
546610
549141
549592
549854
549897
550445
551344
551485
552186
553712
553907
555652
556306
557232
557599
558802
561490
561636
563108
563394
564404
565608
568599
568710
569912
570496
571785
573161
574643
575639
575941
576652
579532
579597
579863
580360
581712
583483
583953
584425
584642
584910
585694
585887
586038
586891
587525
588549
589454
590829
591847
593161
594418
595388
595533
596721
598331
599346
599894
601275
601363
602605
602685
603370
604413
605873
606181
606527
607003
608284
612500
612529
612782
614162
616329
616508
616841
617281
617373
617736
617898
618920
619553
620779
622972
623230
624488
626636
628160
628203
628601
628609
629224
631014
636277
636678
637585
637652
638485
639250
640047
640470
642472
642676
642745
642851
642998
643299
643826
644227
644461
644812
646529
647707
649027
650602
652784
655619
656501
659509
661718
663003
665456
666268
667066
667766
668485
668847
670143
670365
670427
673393
674016
675273
676154
677049
678786
679038
679662
679956
680078
681294
682821
683319
684413
684950
685692
685769
685910
686614
689093
689434
689737
690517
690690
693321
693423
695515
696500
696518
697637
697821
701601
703370
704469
704815
705854
706907
707066
707224
708194
709035
710890
710907
711357
711905
713073
715556
716522
716738
718355
720280
720326
721241
723118
723993
724931
725245
725389
725933
726111
727649
728431
728916
729886
730078
732052
732325
732611
732853
734239
734946
735104
738093
738801
741489
742533
743445
743501
743706
744738
746788
747126
747319
748091
752017
752608
753602
753939
756457
757795
758570
759186
759675
760108
762234
763766
764015
764520
764645
766685
767551
771365
771591
774191
776015
776064
777072
777286
779417
783226
783650
784205
785792
788368
791952
792548
792722
792806
792960
793150
793364
793909
794535
795209
798532
798891
798961
800454
801556
802516
804722
805512
808608
808685
811991
812002
814873
815557
815879
816031
816074
817283
817420
817756
818238
821487
823173
824083
825946
827711
831159
831478
833401
834921
836619
838181
839124
839146
839523
839910
840038
844050
845157
847835
847995
849058
849171
849576
849595
849955
850482
851211
851516
852880
853764
853963
854095
854692
855903
856166
856683
856703
857254
857285
857413
858912
859198
861641
862701
863797
865321
867454
868869
868885
870057
870490
870809
872646
873031
874236
874286
875971
876749
877437
878615
879176
879290
880999
881457
882263
882535
883342
884600
884736
887326
887649
888864
889022
891323
891475
891561
892403
895723
896383
896787
898042
899740
900335
901152
902414
902902
903406
903434
904028
905217
905384
907035
907736
910167
910472
913859
916376
917491
921341
921783
922653
922860
922931
924718
925458
926864
927613
928159
929555
931446
931583
933059
933066
933882
936287
938404
939355
939907
940879
941092
941256
941367
942020
942271
942514
943977
944730
946055
947474
947625
951463
952357
952754
953754
957189
958198
958461
960017
960244
961013
962341
963341
966218
968794
969237
970485
971015
972248
974484
975310
978321
979784
980150
980375
980997
981035
982228
985393
986213
986422
989600
992411
996502
996514
998334
998358
999000
999394
999397
999731
